# 2d Ising model
# L = 8
# method = heatbath
# beta_min = 0.7
# beta_max = 1
# N_pts_beta = 1
# h_min = -0.3
# h_max = 0.3
# N_pts_h = 101
# Ntherm 10000
# Nac 100
# Number of datapoints 1000
# beta 	 e 	 m 	 |m| 	 msq 	 h 	 - 	 cV
7.000000e-01	-1.977375e+00	-9.940625e-01	9.940625e-01	9.883672e-01	-3.000000e-01		1.368470e-03
7.000000e-01	-1.974000e+00	-9.931250e-01	9.931250e-01	9.865488e-01	-2.940000e-01		1.632588e-03
7.000000e-01	-1.974250e+00	-9.931250e-01	9.931250e-01	9.865840e-01	-2.880000e-01		1.761427e-03
7.000000e-01	-1.975938e+00	-9.936563e-01	9.936563e-01	9.876143e-01	-2.820000e-01		1.655233e-03
7.000000e-01	-1.975812e+00	-9.936563e-01	9.936563e-01	9.875771e-01	-2.760000e-01		1.495325e-03
7.000000e-01	-1.975563e+00	-9.935312e-01	9.935312e-01	9.873701e-01	-2.700000e-01		1.734368e-03
7.000000e-01	-1.976750e+00	-9.939688e-01	9.939688e-01	9.881846e-01	-2.640000e-01		1.461609e-03
7.000000e-01	-1.976375e+00	-9.938438e-01	9.938438e-01	9.879482e-01	-2.580000e-01		1.518074e-03
7.000000e-01	-1.977750e+00	-9.940313e-01	9.940313e-01	9.883193e-01	-2.520000e-01		1.361404e-03
7.000000e-01	-1.976813e+00	-9.938438e-01	9.938438e-01	9.879775e-01	-2.460000e-01		1.637211e-03
7.000000e-01	-1.974875e+00	-9.932813e-01	9.932813e-01	9.868721e-01	-2.400000e-01		1.612399e-03
7.000000e-01	-1.973062e+00	-9.928750e-01	9.928750e-01	9.861230e-01	-2.340000e-01		2.088700e-03
7.000000e-01	-1.976250e+00	-9.938125e-01	9.938125e-01	9.878945e-01	-2.280000e-01		1.557281e-03
7.000000e-01	-1.974125e+00	-9.931875e-01	9.931875e-01	9.866777e-01	-2.220000e-01		1.677875e-03
7.000000e-01	-1.975500e+00	-9.935625e-01	9.935625e-01	9.874004e-01	-2.160000e-01		1.566346e-03
7.000000e-01	-1.973938e+00	-9.931250e-01	9.931250e-01	9.865820e-01	-2.100000e-01		1.835798e-03
7.000000e-01	-1.977375e+00	-9.941250e-01	9.941250e-01	9.884980e-01	-2.040000e-01		1.490970e-03
7.000000e-01	-1.971437e+00	-9.924375e-01	9.924375e-01	9.852227e-01	-1.980000e-01		1.841617e-03
7.000000e-01	-1.974500e+00	-9.933437e-01	9.933437e-01	9.869775e-01	-1.920000e-01		1.675831e-03
7.000000e-01	-1.971812e+00	-9.925625e-01	9.925625e-01	9.854688e-01	-1.860000e-01		1.825248e-03
7.000000e-01	-1.973250e+00	-9.930937e-01	9.930937e-01	9.864639e-01	-1.800000e-01		1.620859e-03
7.000000e-01	-1.974500e+00	-9.931875e-01	9.931875e-01	9.866934e-01	-1.740000e-01		1.752393e-03
7.000000e-01	-1.970750e+00	-9.922500e-01	9.922500e-01	9.848340e-01	-1.680000e-01		1.785774e-03
7.000000e-01	-1.972750e+00	-9.928750e-01	9.928750e-01	9.860625e-01	-1.620000e-01		1.772238e-03
7.000000e-01	-1.975437e+00	-9.934688e-01	9.934688e-01	9.872451e-01	-1.560000e-01		1.681602e-03
7.000000e-01	-1.970813e+00	-9.920625e-01	9.920625e-01	9.845312e-01	-1.500000e-01		1.969400e-03
7.000000e-01	-1.968750e+00	-9.917187e-01	9.917187e-01	9.838174e-01	-1.440000e-01		1.990625e-03
7.000000e-01	-1.974000e+00	-9.929375e-01	9.929375e-01	9.862383e-01	-1.380000e-01		1.831651e-03
7.000000e-01	-1.974250e+00	-9.931875e-01	9.931875e-01	9.866777e-01	-1.320000e-01		1.646584e-03
7.000000e-01	-1.971812e+00	-9.926250e-01	9.926250e-01	9.855684e-01	-1.260000e-01		1.767826e-03
7.000000e-01	-1.968875e+00	-9.915312e-01	9.915312e-01	9.835049e-01	-1.200000e-01		2.059524e-03
7.000000e-01	-1.967125e+00	-9.912500e-01	9.912500e-01	9.829082e-01	-1.140000e-01		2.092690e-03
7.000000e-01	-1.966438e+00	-9.911250e-01	9.911250e-01	9.826836e-01	-1.080000e-01		2.282770e-03
7.000000e-01	-1.972500e+00	-9.927187e-01	9.927187e-01	9.857666e-01	-1.020000e-01		1.811469e-03
7.000000e-01	-1.967812e+00	-9.912188e-01	9.912188e-01	9.829346e-01	-9.600000e-02		2.369179e-03
7.000000e-01	-1.971437e+00	-9.922500e-01	9.922500e-01	9.849570e-01	-9.000000e-02		1.876070e-03
7.000000e-01	-1.971375e+00	-9.923750e-01	9.923750e-01	9.851016e-01	-8.400000e-02		1.776702e-03
7.000000e-01	-1.967875e+00	-9.913750e-01	9.913750e-01	9.831738e-01	-7.800000e-02		2.177828e-03
7.000000e-01	-1.966562e+00	-9.909062e-01	9.909062e-01	9.822607e-01	-7.200000e-02		2.133749e-03
7.000000e-01	-1.966375e+00	-9.910625e-01	9.910625e-01	9.825742e-01	-6.600000e-02		2.313252e-03
7.000000e-01	-1.970063e+00	-9.918750e-01	9.918750e-01	9.841543e-01	-6.000000e-02		2.012750e-03
7.000000e-01	-1.963437e+00	-9.901563e-01	9.901563e-01	9.808154e-01	-5.400000e-02		2.459140e-03
7.000000e-01	-1.968187e+00	-9.915000e-01	9.915000e-01	9.834141e-01	-4.800000e-02		2.105314e-03
7.000000e-01	-1.965688e+00	-9.908125e-01	9.908125e-01	9.821055e-01	-4.200000e-02		2.395639e-03
7.000000e-01	-1.964000e+00	-9.900000e-01	9.900000e-01	9.806602e-01	-3.600000e-02		2.848554e-03
7.000000e-01	-1.965188e+00	-9.905312e-01	9.905312e-01	9.815654e-01	-3.000000e-02		2.240891e-03
7.000000e-01	-1.963563e+00	-9.899375e-01	9.899375e-01	9.804121e-01	-2.400000e-02		2.490408e-03
7.000000e-01	-1.969125e+00	-9.917500e-01	9.917500e-01	9.839219e-01	-1.800000e-02		2.128369e-03
7.000000e-01	-1.964500e+00	-9.903750e-01	9.903750e-01	9.812676e-01	-1.200000e-02		2.437321e-03
7.000000e-01	-1.964000e+00	-9.903437e-01	9.903437e-01	9.811865e-01	-6.000000e-03		2.500194e-03
7.000000e-01	-1.962438e+00	-9.899375e-01	9.899375e-01	9.803984e-01	0.000000e+00		2.625709e-03
7.000000e-01	-1.963000e+00	-9.897500e-01	9.897500e-01	9.800605e-01	6.000000e-03		2.475909e-03
7.000000e-01	-1.967688e+00	-9.911875e-01	9.911875e-01	9.828457e-01	1.200000e-02		2.208275e-03
7.000000e-01	-1.962063e+00	-9.895938e-01	9.895938e-01	9.797393e-01	1.800000e-02		2.546758e-03
7.000000e-01	-1.959812e+00	-9.890937e-01	9.890937e-01	9.787803e-01	2.400000e-02		2.747734e-03
7.000000e-01	-1.960375e+00	-9.892813e-01	9.892813e-01	9.791240e-01	3.000000e-02		2.641490e-03
7.000000e-01	-1.965750e+00	-9.907813e-01	9.907813e-01	9.820811e-01	3.600000e-02		2.491527e-03
7.000000e-01	-1.962250e+00	-9.898750e-01	9.898750e-01	9.802559e-01	4.200000e-02		2.513516e-03
7.000000e-01	-1.962313e+00	-9.897500e-01	9.897500e-01	9.800625e-01	4.800000e-02		2.632584e-03
7.000000e-01	-1.962938e+00	-9.897813e-01	9.897813e-01	9.800986e-01	5.400000e-02		2.460242e-03
7.000000e-01	-1.960313e+00	-9.890625e-01	9.890625e-01	9.787559e-01	6.000000e-02		2.801757e-03
7.000000e-01	-1.964000e+00	-9.900937e-01	9.900937e-01	9.807607e-01	6.600000e-02		2.626523e-03
7.000000e-01	-1.957250e+00	-9.876250e-01	9.876250e-01	9.762988e-01	7.200000e-02		3.085744e-03
7.000000e-01	-1.958750e+00	-9.885938e-01	9.885938e-01	9.778662e-01	7.800000e-02		2.829750e-03
7.000000e-01	-1.957875e+00	-9.886250e-01	9.886250e-01	9.778652e-01	8.400000e-02		2.893534e-03
7.000000e-01	-1.960000e+00	-9.889688e-01	9.889688e-01	9.785791e-01	9.000000e-02		2.768500e-03
7.000000e-01	-1.961375e+00	-9.893750e-01	9.893750e-01	9.793125e-01	9.600000e-02		2.484599e-03
7.000000e-01	-1.959625e+00	-9.889062e-01	9.889062e-01	9.784326e-01	1.020000e-01		2.723106e-03
7.000000e-01	-1.952562e+00	-9.870313e-01	9.870313e-01	9.747920e-01	1.080000e-01		3.225040e-03
7.000000e-01	-1.954562e+00	-9.871250e-01	9.871250e-01	9.751348e-01	1.140000e-01		3.407933e-03
7.000000e-01	-1.955812e+00	-9.873125e-01	9.873125e-01	9.755078e-01	1.200000e-01		3.386266e-03
7.000000e-01	-1.950500e+00	-9.858438e-01	9.858438e-01	9.726260e-01	1.260000e-01		3.527112e-03
7.000000e-01	-1.958937e+00	-9.883125e-01	9.883125e-01	9.773262e-01	1.320000e-01		2.831570e-03
7.000000e-01	-1.950250e+00	-9.861875e-01	9.861875e-01	9.732422e-01	1.380000e-01		3.396282e-03
7.000000e-01	-1.946688e+00	-9.848750e-01	9.848750e-01	9.707266e-01	1.440000e-01		3.551334e-03
7.000000e-01	-1.949688e+00	-9.851250e-01	9.851250e-01	9.715313e-01	1.500000e-01		3.799366e-03
7.000000e-01	-1.951812e+00	-9.865625e-01	9.865625e-01	9.739551e-01	1.560000e-01		3.247320e-03
7.000000e-01	-1.951938e+00	-9.866563e-01	9.866563e-01	9.741279e-01	1.620000e-01		3.306809e-03
7.000000e-01	-1.952688e+00	-9.864688e-01	9.864688e-01	9.739131e-01	1.680000e-01		3.590687e-03
7.000000e-01	-1.948187e+00	-9.854688e-01	9.854688e-01	9.719014e-01	1.740000e-01		3.835320e-03
7.000000e-01	-1.971750e+00	9.158125e-01	9.924375e-01	9.852324e-01	1.800000e-01		1.871371e-03
7.000000e-01	-1.974813e+00	9.933750e-01	9.933750e-01	9.870371e-01	1.860000e-01		1.620428e-03
7.000000e-01	-1.970625e+00	9.921875e-01	9.921875e-01	9.847539e-01	1.920000e-01		2.038668e-03
7.000000e-01	-1.975688e+00	9.936250e-01	9.936250e-01	9.875156e-01	1.980000e-01		1.480870e-03
7.000000e-01	-1.970813e+00	9.922813e-01	9.922813e-01	9.849131e-01	2.040000e-01		1.869869e-03
7.000000e-01	-1.967437e+00	9.914375e-01	9.914375e-01	9.832676e-01	2.100000e-01		2.100797e-03
7.000000e-01	-1.975688e+00	9.934375e-01	9.934375e-01	9.871758e-01	2.160000e-01		1.580401e-03
7.000000e-01	-1.975750e+00	9.935625e-01	9.935625e-01	9.874160e-01	2.220000e-01		1.568490e-03
7.000000e-01	-1.976313e+00	9.938750e-01	9.938750e-01	9.880098e-01	2.280000e-01		1.552992e-03
7.000000e-01	-1.976063e+00	9.936250e-01	9.936250e-01	9.875371e-01	2.340000e-01		1.604580e-03
7.000000e-01	-1.975313e+00	9.935312e-01	9.935312e-01	9.873271e-01	2.400000e-01		1.513976e-03
7.000000e-01	-1.977688e+00	9.942188e-01	9.942188e-01	9.886768e-01	2.460000e-01		1.419375e-03
7.000000e-01	-1.975625e+00	9.935312e-01	9.935312e-01	9.873525e-01	2.520000e-01		1.557855e-03
7.000000e-01	-1.975000e+00	9.933437e-01	9.933437e-01	9.869951e-01	2.580000e-01		1.649922e-03
7.000000e-01	-1.976313e+00	9.938125e-01	9.938125e-01	9.878887e-01	2.640000e-01		1.518539e-03
7.000000e-01	-1.974375e+00	9.932500e-01	9.932500e-01	9.868145e-01	2.700000e-01		1.745434e-03
7.000000e-01	-1.978187e+00	9.942500e-01	9.942500e-01	9.887578e-01	2.760000e-01		1.468467e-03
7.000000e-01	-1.978187e+00	9.942500e-01	9.942500e-01	9.887480e-01	2.820000e-01		1.391904e-03
7.000000e-01	-1.978438e+00	9.943437e-01	9.943437e-01	9.889248e-01	2.880000e-01		1.362765e-03
7.000000e-01	-1.979563e+00	9.947500e-01	9.947500e-01	9.897012e-01	2.940000e-01		1.244277e-03
7.000000e-01	-1.980000e+00	9.947187e-01	9.947187e-01	9.896670e-01	3.000000e-01		1.323766e-03
