# 2d Ising model
# L = 8
# method = heatbath
# beta_min = 0.7
# beta_max = 1
# N_pts_beta = 1
# h_min = 0.3
# h_max = -0.3
# N_pts_h = 101
# Ntherm 10000
# Nac 100
# Number of datapoints 1000
# beta 	 e 	 m 	 |m| 	 msq 	 h 	 - 	 cV
7.000000e-01	-1.978500e+00	9.944375e-01	9.944375e-01	9.891074e-01	3.000000e-01		1.408107e-03
7.000000e-01	-1.978875e+00	9.945312e-01	9.945312e-01	9.892881e-01	2.940000e-01		1.366174e-03
7.000000e-01	-1.975875e+00	9.936875e-01	9.936875e-01	9.876445e-01	2.880000e-01		1.548484e-03
7.000000e-01	-1.977812e+00	9.942500e-01	9.942500e-01	9.887383e-01	2.820000e-01		1.418272e-03
7.000000e-01	-1.978563e+00	9.944063e-01	9.944063e-01	9.890557e-01	2.760000e-01		1.434305e-03
7.000000e-01	-1.974625e+00	9.931875e-01	9.931875e-01	9.867148e-01	2.700000e-01		1.835900e-03
7.000000e-01	-1.975688e+00	9.937187e-01	9.937187e-01	9.876924e-01	2.640000e-01		1.488526e-03
7.000000e-01	-1.975250e+00	9.934375e-01	9.934375e-01	9.871758e-01	2.580000e-01		1.621563e-03
7.000000e-01	-1.976313e+00	9.938750e-01	9.938750e-01	9.880137e-01	2.520000e-01		1.541507e-03
7.000000e-01	-1.975437e+00	9.934375e-01	9.934375e-01	9.871973e-01	2.460000e-01		1.666289e-03
7.000000e-01	-1.976687e+00	9.939062e-01	9.939062e-01	9.880654e-01	2.400000e-01		1.450612e-03
7.000000e-01	-1.972250e+00	9.926875e-01	9.926875e-01	9.857051e-01	2.340000e-01		1.839154e-03
7.000000e-01	-1.977313e+00	9.940625e-01	9.940625e-01	9.883789e-01	2.280000e-01		1.445559e-03
7.000000e-01	-1.976875e+00	9.939062e-01	9.939062e-01	9.880771e-01	2.220000e-01		1.529527e-03
7.000000e-01	-1.974813e+00	9.935000e-01	9.935000e-01	9.872637e-01	2.160000e-01		1.559178e-03
7.000000e-01	-1.971375e+00	9.923125e-01	9.923125e-01	9.849980e-01	2.100000e-01		1.837952e-03
7.000000e-01	-1.976187e+00	9.938438e-01	9.938438e-01	9.879268e-01	2.040000e-01		1.416098e-03
7.000000e-01	-1.972875e+00	9.928125e-01	9.928125e-01	9.859512e-01	1.980000e-01		1.702834e-03
7.000000e-01	-1.973125e+00	9.928125e-01	9.928125e-01	9.859746e-01	1.920000e-01		1.732418e-03
7.000000e-01	-1.973437e+00	9.931250e-01	9.931250e-01	9.865312e-01	1.860000e-01		1.650640e-03
7.000000e-01	-1.972313e+00	9.928125e-01	9.928125e-01	9.859316e-01	1.800000e-01		1.724094e-03
7.000000e-01	-1.971125e+00	9.922500e-01	9.922500e-01	9.848750e-01	1.740000e-01		1.957236e-03
7.000000e-01	-1.971563e+00	9.921250e-01	9.921250e-01	9.846387e-01	1.680000e-01		1.856593e-03
7.000000e-01	-1.971375e+00	9.923437e-01	9.923437e-01	9.850459e-01	1.620000e-01		1.807327e-03
7.000000e-01	-1.972813e+00	9.927813e-01	9.927813e-01	9.859014e-01	1.560000e-01		1.798788e-03
7.000000e-01	-1.970813e+00	9.922188e-01	9.922188e-01	9.848018e-01	1.500000e-01		1.938775e-03
7.000000e-01	-1.972250e+00	9.926875e-01	9.926875e-01	9.857012e-01	1.440000e-01		1.827669e-03
7.000000e-01	-1.972375e+00	9.925938e-01	9.925938e-01	9.855283e-01	1.380000e-01		1.743014e-03
7.000000e-01	-1.972063e+00	9.925312e-01	9.925312e-01	9.854053e-01	1.320000e-01		1.763217e-03
7.000000e-01	-1.971188e+00	9.920000e-01	9.920000e-01	9.844297e-01	1.260000e-01		2.025995e-03
7.000000e-01	-1.966250e+00	9.908125e-01	9.908125e-01	9.821035e-01	1.200000e-01		2.224906e-03
7.000000e-01	-1.973812e+00	9.930000e-01	9.930000e-01	9.863379e-01	1.140000e-01		1.828770e-03
7.000000e-01	-1.965500e+00	9.907500e-01	9.907500e-01	9.819395e-01	1.080000e-01		2.230449e-03
7.000000e-01	-1.968000e+00	9.913750e-01	9.913750e-01	9.831875e-01	1.020000e-01		2.170271e-03
7.000000e-01	-1.969375e+00	9.919062e-01	9.919062e-01	9.841885e-01	9.600000e-02		2.005746e-03
7.000000e-01	-1.968375e+00	9.914063e-01	9.914063e-01	9.832803e-01	9.000000e-02		2.338915e-03
7.000000e-01	-1.971313e+00	9.924375e-01	9.924375e-01	9.852285e-01	8.400000e-02		1.891704e-03
7.000000e-01	-1.970438e+00	9.920000e-01	9.920000e-01	9.843887e-01	7.800000e-02		1.882042e-03
7.000000e-01	-1.968063e+00	9.914688e-01	9.914688e-01	9.833604e-01	7.200000e-02		2.162659e-03
7.000000e-01	-1.965250e+00	9.905000e-01	9.905000e-01	9.815195e-01	6.600000e-02		2.413373e-03
7.000000e-01	-1.964562e+00	9.902813e-01	9.902813e-01	9.810869e-01	6.000000e-02		2.403127e-03
7.000000e-01	-1.966562e+00	9.910625e-01	9.910625e-01	9.825410e-01	5.400000e-02		2.110780e-03
7.000000e-01	-1.960375e+00	9.889688e-01	9.889688e-01	9.786416e-01	4.800000e-02		2.917115e-03
7.000000e-01	-1.963938e+00	9.900313e-01	9.900313e-01	9.806279e-01	4.200000e-02		2.618573e-03
7.000000e-01	-1.963625e+00	9.904063e-01	9.904063e-01	9.812803e-01	3.600000e-02		2.475411e-03
7.000000e-01	-1.962562e+00	9.897187e-01	9.897187e-01	9.799814e-01	3.000000e-02		2.530772e-03
7.000000e-01	-1.965812e+00	9.908438e-01	9.908438e-01	9.821787e-01	2.400000e-02		2.491709e-03
7.000000e-01	-1.966938e+00	9.912500e-01	9.912500e-01	9.829180e-01	1.800000e-02		2.153625e-03
7.000000e-01	-1.962438e+00	9.899688e-01	9.899688e-01	9.804482e-01	1.200000e-02		2.533834e-03
7.000000e-01	-1.962250e+00	9.896563e-01	9.896563e-01	9.799287e-01	6.000000e-03		2.926954e-03
7.000000e-01	-1.959188e+00	9.887187e-01	9.887187e-01	9.781631e-01	0.000000e+00		2.860741e-03
7.000000e-01	-1.962813e+00	9.900000e-01	9.900000e-01	9.805234e-01	-6.000000e-03		2.379132e-03
7.000000e-01	-1.961625e+00	9.892500e-01	9.892500e-01	9.791660e-01	-1.200000e-02		2.800281e-03
7.000000e-01	-1.965250e+00	9.908750e-01	9.908750e-01	9.821797e-01	-1.800000e-02		2.260248e-03
7.000000e-01	-1.964000e+00	9.904375e-01	9.904375e-01	9.813418e-01	-2.400000e-02		2.358554e-03
7.000000e-01	-1.960688e+00	9.892813e-01	9.892813e-01	9.791260e-01	-3.000000e-02		2.693773e-03
7.000000e-01	-1.968187e+00	9.914688e-01	9.914688e-01	9.833584e-01	-3.600000e-02		2.170392e-03
7.000000e-01	-1.959688e+00	9.891875e-01	9.891875e-01	9.789355e-01	-4.200000e-02		2.735147e-03
7.000000e-01	-1.958813e+00	9.886250e-01	9.886250e-01	9.778848e-01	-4.800000e-02		2.841845e-03
7.000000e-01	-1.961062e+00	9.894688e-01	9.894688e-01	9.794873e-01	-5.400000e-02		2.509089e-03
7.000000e-01	-1.958625e+00	9.885000e-01	9.885000e-01	9.777148e-01	-6.000000e-02		3.019924e-03
7.000000e-01	-1.961188e+00	9.891875e-01	9.891875e-01	9.790234e-01	-6.600000e-02		2.915804e-03
7.000000e-01	-1.956562e+00	9.879375e-01	9.879375e-01	9.766172e-01	-7.200000e-02		3.284483e-03
7.000000e-01	-1.960688e+00	9.889375e-01	9.889375e-01	9.785605e-01	-7.800000e-02		2.751195e-03
7.000000e-01	-1.958000e+00	9.882812e-01	9.882812e-01	9.772549e-01	-8.400000e-02		2.822124e-03
7.000000e-01	-1.957000e+00	9.880625e-01	9.880625e-01	9.768398e-01	-9.000000e-02		3.048443e-03
7.000000e-01	-1.952562e+00	9.868438e-01	9.868438e-01	9.744658e-01	-9.600000e-02		3.259493e-03
7.000000e-01	-1.956937e+00	9.884063e-01	9.884063e-01	9.774033e-01	-1.020000e-01		2.806550e-03
7.000000e-01	-1.955500e+00	9.879062e-01	9.879062e-01	9.764658e-01	-1.080000e-01		2.964990e-03
7.000000e-01	-1.953125e+00	9.868125e-01	9.868125e-01	9.744707e-01	-1.140000e-01		3.310371e-03
7.000000e-01	-1.954937e+00	9.875000e-01	9.875000e-01	9.757285e-01	-1.200000e-01		3.053234e-03
7.000000e-01	-1.954125e+00	9.870625e-01	9.870625e-01	9.749727e-01	-1.260000e-01		3.543397e-03
7.000000e-01	-1.957875e+00	9.883437e-01	9.883437e-01	9.774014e-01	-1.320000e-01		2.931815e-03
7.000000e-01	-1.951437e+00	9.862812e-01	9.862812e-01	9.734814e-01	-1.380000e-01		3.516652e-03
7.000000e-01	-1.951688e+00	9.862500e-01	9.862500e-01	9.733906e-01	-1.440000e-01		3.218441e-03
7.000000e-01	-1.967250e+00	-7.098125e-01	9.908750e-01	9.825137e-01	-1.500000e-01		2.376163e-03
7.000000e-01	-1.971688e+00	-9.923437e-01	9.923437e-01	9.850615e-01	-1.560000e-01		1.848584e-03
7.000000e-01	-1.972187e+00	-9.925000e-01	9.925000e-01	9.853770e-01	-1.620000e-01		1.977179e-03
7.000000e-01	-1.971062e+00	-9.922813e-01	9.922813e-01	9.849189e-01	-1.680000e-01		1.888473e-03
7.000000e-01	-1.973688e+00	-9.929688e-01	9.929688e-01	9.862744e-01	-1.740000e-01		1.771961e-03
7.000000e-01	-1.973000e+00	-9.929375e-01	9.929375e-01	9.861895e-01	-1.800000e-01		1.683181e-03
7.000000e-01	-1.975500e+00	-9.936250e-01	9.936250e-01	9.875254e-01	-1.860000e-01		1.596971e-03
7.000000e-01	-1.976187e+00	-9.938438e-01	9.938438e-01	9.879463e-01	-1.920000e-01		1.569223e-03
7.000000e-01	-1.971875e+00	-9.925000e-01	9.925000e-01	9.853398e-01	-1.980000e-01		1.825059e-03
7.000000e-01	-1.974875e+00	-9.933125e-01	9.933125e-01	9.869395e-01	-2.040000e-01		1.658336e-03
7.000000e-01	-1.973812e+00	-9.930313e-01	9.930313e-01	9.863896e-01	-2.100000e-01		1.794317e-03
7.000000e-01	-1.972688e+00	-9.927813e-01	9.927813e-01	9.859072e-01	-2.160000e-01		1.849044e-03
7.000000e-01	-1.972750e+00	-9.926563e-01	9.926563e-01	9.856846e-01	-2.220000e-01		1.890910e-03
7.000000e-01	-1.977500e+00	-9.942188e-01	9.942188e-01	9.886631e-01	-2.280000e-01		1.378891e-03
7.000000e-01	-1.970750e+00	-9.923750e-01	9.923750e-01	9.850781e-01	-2.340000e-01		1.816399e-03
7.000000e-01	-1.973188e+00	-9.928125e-01	9.928125e-01	9.859805e-01	-2.400000e-01		1.755117e-03
7.000000e-01	-1.978125e+00	-9.941563e-01	9.941563e-01	9.885771e-01	-2.460000e-01		1.419277e-03
7.000000e-01	-1.976813e+00	-9.938438e-01	9.938438e-01	9.879561e-01	-2.520000e-01		1.476429e-03
7.000000e-01	-1.976938e+00	-9.939062e-01	9.939062e-01	9.880967e-01	-2.580000e-01		1.540512e-03
7.000000e-01	-1.978438e+00	-9.944375e-01	9.944375e-01	9.891113e-01	-2.640000e-01		1.439327e-03
7.000000e-01	-1.980250e+00	-9.947813e-01	9.947813e-01	9.897861e-01	-2.700000e-01		1.267385e-03
7.000000e-01	-1.978813e+00	-9.944688e-01	9.944688e-01	9.891787e-01	-2.760000e-01		1.397417e-03
7.000000e-01	-1.976625e+00	-9.939375e-01	9.939375e-01	9.881152e-01	-2.820000e-01		1.420472e-03
7.000000e-01	-1.978375e+00	-9.943125e-01	9.943125e-01	9.888594e-01	-2.880000e-01		1.348044e-03
7.000000e-01	-1.977000e+00	-9.937813e-01	9.937813e-01	9.878623e-01	-2.940000e-01		1.593603e-03
7.000000e-01	-1.976313e+00	-9.937187e-01	9.937187e-01	9.877451e-01	-3.000000e-01		1.556820e-03
