# 2d Ising model
# L = 32
# method = heatbath
# beta_min = 0
# beta_max = 1
# N_pts_beta = 21
# h_min = 0.3
# h_max = -0.3
# N_pts_h = 21
# Ntherm 10000
# Nac 100
# Number of datapoints 1000
# beta 	 e 	 m 	 |m| 	 msq 	 h 	 - 	 cV
0.000000e+00	2.042969e-03	-2.015625e-03	2.569141e-02	1.045036e-03	3.000000e-01		0.000000e+00
0.000000e+00	-2.343750e-05	-1.953125e-05	2.458203e-02	9.542847e-04	2.700000e-01		0.000000e+00
0.000000e+00	-1.148437e-03	-9.609375e-04	2.620703e-02	1.054077e-03	2.400000e-01		0.000000e+00
0.000000e+00	-1.613281e-03	1.011719e-03	2.614844e-02	1.075806e-03	2.100000e-01		0.000000e+00
0.000000e+00	-3.320313e-04	1.382812e-03	2.534375e-02	1.000809e-03	1.800000e-01		0.000000e+00
0.000000e+00	-1.300781e-03	-1.275391e-03	2.483789e-02	9.670448e-04	1.500000e-01		0.000000e+00
0.000000e+00	1.394531e-03	-2.929687e-04	2.516797e-02	1.008652e-03	1.200000e-01		0.000000e+00
0.000000e+00	4.335938e-04	-3.359375e-04	2.522656e-02	9.645767e-04	9.000000e-02		0.000000e+00
0.000000e+00	2.343750e-05	-5.957031e-04	2.560352e-02	1.032467e-03	6.000000e-02		0.000000e+00
0.000000e+00	1.253906e-03	1.824219e-03	2.521484e-02	9.741974e-04	3.000000e-02		0.000000e+00
0.000000e+00	1.257813e-03	1.941406e-03	2.567578e-02	1.018150e-03	0.000000e+00		0.000000e+00
0.000000e+00	2.578125e-03	-1.621094e-03	2.497656e-02	9.943848e-04	-3.000000e-02		0.000000e+00
0.000000e+00	-2.695313e-04	-8.164062e-04	2.429687e-02	9.406357e-04	-6.000000e-02		0.000000e+00
0.000000e+00	-2.851562e-04	-5.761719e-04	2.422070e-02	9.521751e-04	-9.000000e-02		0.000000e+00
0.000000e+00	1.414062e-03	9.296875e-04	2.480859e-02	9.839325e-04	-1.200000e-01		0.000000e+00
0.000000e+00	2.210938e-03	5.136719e-04	2.469336e-02	9.722939e-04	-1.500000e-01		0.000000e+00
0.000000e+00	3.085938e-03	-5.156250e-04	2.552344e-02	1.012108e-03	-1.800000e-01		0.000000e+00
0.000000e+00	-6.093750e-04	-5.859375e-04	2.460937e-02	9.409790e-04	-2.100000e-01		0.000000e+00
0.000000e+00	3.632812e-04	1.953125e-05	2.552344e-02	1.024200e-03	-2.400000e-01		0.000000e+00
0.000000e+00	4.843750e-04	-3.007812e-04	2.502344e-02	9.638977e-04	-2.700000e-01		0.000000e+00
0.000000e+00	2.921875e-03	-3.964844e-04	2.582227e-02	1.050304e-03	-3.000000e-01		0.000000e+00

5.000000e-02	-1.024727e-01	1.990430e-02	3.241211e-02	1.641506e-03	3.000000e-01		5.000485e-06
5.000000e-02	-1.002539e-01	1.573633e-02	2.989258e-02	1.416103e-03	2.700000e-01		4.641372e-06
5.000000e-02	-1.007305e-01	1.512305e-02	2.980273e-02	1.344776e-03	2.400000e-01		5.067277e-06
5.000000e-02	-1.040313e-01	1.177539e-02	3.000586e-02	1.396442e-03	2.100000e-01		5.242255e-06
5.000000e-02	-1.001523e-01	9.898438e-03	2.896484e-02	1.345581e-03	1.800000e-01		5.004985e-06
5.000000e-02	-9.749219e-02	1.006445e-02	2.860352e-02	1.258862e-03	1.500000e-01		4.702768e-06
5.000000e-02	-9.980859e-02	9.505859e-03	2.934570e-02	1.312733e-03	1.200000e-01		4.786659e-06
5.000000e-02	-1.012813e-01	1.769531e-03	2.830859e-02	1.254013e-03	9.000000e-02		4.804948e-06
5.000000e-02	-9.651563e-02	5.177734e-03	2.723633e-02	1.208881e-03	6.000000e-02		5.564222e-06
5.000000e-02	-1.001875e-01	2.552734e-03	2.740430e-02	1.204639e-03	3.000000e-02		4.796680e-06
5.000000e-02	-1.008125e-01	1.542969e-04	2.845117e-02	1.249668e-03	0.000000e+00		4.572187e-06
5.000000e-02	-1.006523e-01	-1.699219e-03	2.865625e-02	1.265472e-03	-3.000000e-02		4.497631e-06
5.000000e-02	-9.917578e-02	-4.000000e-03	2.729297e-02	1.178818e-03	-6.000000e-02		4.813831e-06
5.000000e-02	-9.943750e-02	-7.048828e-03	2.783789e-02	1.227207e-03	-9.000000e-02		4.643633e-06
5.000000e-02	-1.010469e-01	-7.294922e-03	2.752148e-02	1.190533e-03	-1.200000e-01		4.648002e-06
5.000000e-02	-1.007031e-01	-8.689453e-03	2.889648e-02	1.294247e-03	-1.500000e-01		4.868149e-06
5.000000e-02	-1.030547e-01	-9.822266e-03	2.825586e-02	1.257534e-03	-1.800000e-01		4.720309e-06
5.000000e-02	-1.002773e-01	-1.435938e-02	2.930469e-02	1.332397e-03	-2.100000e-01		4.631682e-06
5.000000e-02	-1.017461e-01	-1.251172e-02	2.950000e-02	1.395424e-03	-2.400000e-01		5.105468e-06
5.000000e-02	-1.012109e-01	-1.561719e-02	3.003125e-02	1.413948e-03	-2.700000e-01		4.706646e-06
5.000000e-02	-1.014297e-01	-1.851758e-02	3.195508e-02	1.605747e-03	-3.000000e-01		5.149568e-06

1.000000e-01	-2.050820e-01	4.776367e-02	5.216211e-02	3.847561e-03	3.000000e-01		2.034729e-05
1.000000e-01	-2.076445e-01	4.370313e-02	4.789062e-02	3.321281e-03	2.700000e-01		2.005682e-05
1.000000e-01	-2.062969e-01	3.859375e-02	4.491797e-02	3.078224e-03	2.400000e-01		2.077891e-05
1.000000e-01	-2.045742e-01	3.194922e-02	4.154297e-02	2.631485e-03	2.100000e-01		2.170614e-05
1.000000e-01	-2.056094e-01	2.983203e-02	4.020312e-02	2.475327e-03	1.800000e-01		2.110222e-05
1.000000e-01	-2.046641e-01	2.548438e-02	3.695703e-02	2.081718e-03	1.500000e-01		2.055035e-05
1.000000e-01	-2.037617e-01	1.873828e-02	3.459766e-02	1.866432e-03	1.200000e-01		2.041968e-05
1.000000e-01	-2.054961e-01	1.486523e-02	3.320508e-02	1.746365e-03	9.000000e-02		1.886056e-05
1.000000e-01	-2.036680e-01	8.179687e-03	3.121094e-02	1.516441e-03	6.000000e-02		2.086970e-05
1.000000e-01	-2.057891e-01	4.751953e-03	3.255273e-02	1.676434e-03	3.000000e-02		2.117750e-05
1.000000e-01	-2.031797e-01	7.734375e-04	3.114844e-02	1.481171e-03	0.000000e+00		1.867795e-05
1.000000e-01	-2.014961e-01	-4.792969e-03	3.036328e-02	1.422340e-03	-3.000000e-02		2.154711e-05
1.000000e-01	-2.051289e-01	-9.703125e-03	3.301172e-02	1.722435e-03	-6.000000e-02		2.139127e-05
1.000000e-01	-2.047500e-01	-1.450586e-02	3.289648e-02	1.723164e-03	-9.000000e-02		1.956893e-05
1.000000e-01	-2.031055e-01	-1.855664e-02	3.525195e-02	1.917126e-03	-1.200000e-01		2.000564e-05
1.000000e-01	-2.028164e-01	-2.276367e-02	3.682617e-02	2.109493e-03	-1.500000e-01		1.972057e-05
1.000000e-01	-2.025781e-01	-2.781836e-02	3.843945e-02	2.278614e-03	-1.800000e-01		2.085822e-05
1.000000e-01	-2.058477e-01	-3.329688e-02	4.061328e-02	2.557487e-03	-2.100000e-01		1.993152e-05
1.000000e-01	-2.090195e-01	-3.701953e-02	4.420313e-02	2.880096e-03	-2.400000e-01		2.162078e-05
1.000000e-01	-2.059922e-01	-4.312109e-02	4.833984e-02	3.375206e-03	-2.700000e-01		2.206440e-05
1.000000e-01	-2.071016e-01	-4.684180e-02	5.152148e-02	3.738361e-03	-3.000000e-01		2.188136e-05

1.500000e-01	-3.234063e-01	9.373242e-02	9.436523e-02	1.075738e-02	3.000000e-01		5.206789e-05
1.500000e-01	-3.210391e-01	8.281250e-02	8.388281e-02	8.689232e-03	2.700000e-01		4.998210e-05
1.500000e-01	-3.198281e-01	7.488672e-02	7.604687e-02	7.537247e-03	2.400000e-01		5.122054e-05
1.500000e-01	-3.192344e-01	6.658594e-02	6.940625e-02	6.405350e-03	2.100000e-01		5.026033e-05
1.500000e-01	-3.147656e-01	5.530859e-02	6.056250e-02	5.252090e-03	1.800000e-01		5.224741e-05
1.500000e-01	-3.153398e-01	4.792383e-02	5.447070e-02	4.229725e-03	1.500000e-01		4.762933e-05
1.500000e-01	-3.129297e-01	3.827539e-02	4.764648e-02	3.398251e-03	1.200000e-01		5.050137e-05
1.500000e-01	-3.158906e-01	2.819922e-02	4.287891e-02	2.837677e-03	9.000000e-02		4.739110e-05
1.500000e-01	-3.129648e-01	1.805469e-02	3.964453e-02	2.434082e-03	6.000000e-02		4.886473e-05
1.500000e-01	-3.125469e-01	9.320313e-03	3.664063e-02	2.050667e-03	3.000000e-02		5.071902e-05
1.500000e-01	-3.096641e-01	-1.771484e-03	3.649023e-02	2.008228e-03	0.000000e+00		5.083337e-05
1.500000e-01	-3.125742e-01	-1.025391e-02	3.723828e-02	2.144302e-03	-3.000000e-02		4.973670e-05
1.500000e-01	-3.133633e-01	-1.724414e-02	3.747070e-02	2.215748e-03	-6.000000e-02		4.817579e-05
1.500000e-01	-3.140625e-01	-2.514062e-02	4.138281e-02	2.660042e-03	-9.000000e-02		5.093811e-05
1.500000e-01	-3.155547e-01	-3.774219e-02	4.900391e-02	3.528564e-03	-1.200000e-01		4.967141e-05
1.500000e-01	-3.135195e-01	-4.724609e-02	5.380469e-02	4.237740e-03	-1.500000e-01		5.174247e-05
1.500000e-01	-3.156992e-01	-5.261914e-02	5.730273e-02	4.708408e-03	-1.800000e-01		4.930535e-05
1.500000e-01	-3.169805e-01	-6.607813e-02	6.885938e-02	6.343613e-03	-2.100000e-01		5.217249e-05
1.500000e-01	-3.199102e-01	-7.373242e-02	7.504492e-02	7.381123e-03	-2.400000e-01		5.231497e-05
1.500000e-01	-3.203477e-01	-8.401758e-02	8.512305e-02	8.993618e-03	-2.700000e-01		5.331628e-05
1.500000e-01	-3.240664e-01	-9.442969e-02	9.524609e-02	1.105332e-02	-3.000000e-01		5.232908e-05

2.000000e-01	-4.622188e-01	1.663535e-01	1.664199e-01	3.031298e-02	3.000000e-01		1.085989e-04
2.000000e-01	-4.567813e-01	1.494219e-01	1.494609e-01	2.505027e-02	2.700000e-01		1.113647e-04
2.000000e-01	-4.515234e-01	1.356699e-01	1.357285e-01	2.111869e-02	2.400000e-01		1.011523e-04
2.000000e-01	-4.447969e-01	1.179453e-01	1.181836e-01	1.649921e-02	2.100000e-01		1.036149e-04
2.000000e-01	-4.435117e-01	1.059141e-01	1.067227e-01	1.391601e-02	1.800000e-01		1.069961e-04
2.000000e-01	-4.364453e-01	8.495313e-02	8.708594e-02	1.000845e-02	1.500000e-01		9.329047e-05
2.000000e-01	-4.349180e-01	6.733398e-02	7.220117e-02	7.302570e-03	1.200000e-01		9.793218e-05
2.000000e-01	-4.331758e-01	5.253125e-02	5.980078e-02	5.331200e-03	9.000000e-02		9.514011e-05
2.000000e-01	-4.294727e-01	3.733594e-02	5.305859e-02	4.377525e-03	6.000000e-02		9.380736e-05
2.000000e-01	-4.296758e-01	1.811133e-02	4.347461e-02	2.991207e-03	3.000000e-02		9.941101e-05
2.000000e-01	-4.297539e-01	-7.812500e-05	4.364844e-02	3.021950e-03	0.000000e+00		9.281171e-05
2.000000e-01	-4.289727e-01	-1.900586e-02	4.524414e-02	3.256313e-03	-3.000000e-02		8.936372e-05
2.000000e-01	-4.319375e-01	-3.429687e-02	4.846875e-02	3.612144e-03	-6.000000e-02		1.066090e-04
2.000000e-01	-4.322266e-01	-5.395313e-02	6.214844e-02	5.738998e-03	-9.000000e-02		9.820892e-05
2.000000e-01	-4.345742e-01	-6.658203e-02	7.176953e-02	7.335594e-03	-1.200000e-01		1.064844e-04
2.000000e-01	-4.396563e-01	-8.554492e-02	8.782617e-02	1.011622e-02	-1.500000e-01		1.010469e-04
2.000000e-01	-4.382539e-01	-9.908594e-02	1.000664e-01	1.250029e-02	-1.800000e-01		9.460556e-05
2.000000e-01	-4.467109e-01	-1.184434e-01	1.186973e-01	1.669715e-02	-2.100000e-01		9.962514e-05
2.000000e-01	-4.507695e-01	-1.350469e-01	1.353359e-01	2.097188e-02	-2.400000e-01		9.753259e-05
2.000000e-01	-4.546914e-01	-1.474473e-01	1.474668e-01	2.431247e-02	-2.700000e-01		1.084840e-04
2.000000e-01	-4.662109e-01	-1.661621e-01	1.661660e-01	3.035511e-02	-3.000000e-01		1.063889e-04

2.500000e-01	-6.545547e-01	2.993770e-01	2.993770e-01	9.323079e-02	3.000000e-01		2.614819e-04
2.500000e-01	-6.348359e-01	2.713340e-01	2.713340e-01	7.732547e-02	2.700000e-01		2.355649e-04
2.500000e-01	-6.216289e-01	2.438359e-01	2.438359e-01	6.333703e-02	2.400000e-01		2.272646e-04
2.500000e-01	-6.053633e-01	2.149297e-01	2.149336e-01	5.007335e-02	2.100000e-01		2.021659e-04
2.500000e-01	-5.971680e-01	1.913652e-01	1.914121e-01	4.047170e-02	1.800000e-01		2.041658e-04
2.500000e-01	-5.849570e-01	1.582148e-01	1.585352e-01	2.890257e-02	1.500000e-01		1.935482e-04
2.500000e-01	-5.738047e-01	1.280840e-01	1.296113e-01	2.054278e-02	1.200000e-01		1.912048e-04
2.500000e-01	-5.692891e-01	9.500586e-02	9.860352e-02	1.293898e-02	9.000000e-02		1.775888e-04
2.500000e-01	-5.611211e-01	5.959180e-02	7.279883e-02	7.771542e-03	6.000000e-02		1.653694e-04
2.500000e-01	-5.609609e-01	3.380273e-02	5.929102e-02	5.454121e-03	3.000000e-02		1.659572e-04
2.500000e-01	-5.579492e-01	-2.419922e-03	5.113477e-02	4.028530e-03	0.000000e+00		1.678865e-04
2.500000e-01	-5.594844e-01	-2.819141e-02	5.697266e-02	5.072578e-03	-3.000000e-02		1.628475e-04
2.500000e-01	-5.621836e-01	-6.081641e-02	7.259375e-02	7.897568e-03	-6.000000e-02		1.709580e-04
2.500000e-01	-5.676055e-01	-9.759961e-02	1.015293e-01	1.378823e-02	-9.000000e-02		1.966865e-04
2.500000e-01	-5.760703e-01	-1.303047e-01	1.311094e-01	2.065940e-02	-1.200000e-01		1.752389e-04
2.500000e-01	-5.829023e-01	-1.563594e-01	1.567148e-01	2.840941e-02	-1.500000e-01		1.810162e-04
2.500000e-01	-5.954648e-01	-1.878672e-01	1.878672e-01	3.915160e-02	-1.800000e-01		2.008136e-04
2.500000e-01	-6.058867e-01	-2.150430e-01	2.150430e-01	5.001806e-02	-2.100000e-01		2.157684e-04
2.500000e-01	-6.234609e-01	-2.468242e-01	2.468242e-01	6.461423e-02	-2.400000e-01		2.057865e-04
2.500000e-01	-6.403242e-01	-2.745371e-01	2.745371e-01	7.896632e-02	-2.700000e-01		2.398997e-04
2.500000e-01	-6.524609e-01	-2.977734e-01	2.977734e-01	9.213297e-02	-3.000000e-01		2.431975e-04

3.000000e-01	-9.421055e-01	5.075059e-01	5.075059e-01	2.610940e-01	3.000000e-01		5.147383e-04
3.000000e-01	-9.090000e-01	4.708418e-01	4.708418e-01	2.258034e-01	2.700000e-01		4.794137e-04
3.000000e-01	-8.757578e-01	4.338672e-01	4.338672e-01	1.923632e-01	2.400000e-01		4.592070e-04
3.000000e-01	-8.424844e-01	3.937793e-01	3.937793e-01	1.596876e-01	2.100000e-01		4.681453e-04
3.000000e-01	-8.120156e-01	3.498047e-01	3.498047e-01	1.271818e-01	1.800000e-01		4.033611e-04
3.000000e-01	-7.846094e-01	3.011172e-01	3.011172e-01	9.621404e-02	1.500000e-01		3.921191e-04
3.000000e-01	-7.567656e-01	2.448496e-01	2.449082e-01	6.610098e-02	1.200000e-01		3.571328e-04
3.000000e-01	-7.368750e-01	1.925527e-01	1.930059e-01	4.309928e-02	9.000000e-02		3.392089e-04
3.000000e-01	-7.194883e-01	1.269141e-01	1.316133e-01	2.322052e-02	6.000000e-02		3.190640e-04
3.000000e-01	-7.110039e-01	6.363281e-02	8.447266e-02	1.073843e-02	3.000000e-02		2.886585e-04
3.000000e-01	-7.042422e-01	-1.804688e-03	6.498437e-02	6.524551e-03	0.000000e+00		2.789349e-04
3.000000e-01	-7.081445e-01	-6.412305e-02	8.559961e-02	1.117649e-02	-3.000000e-02		2.889484e-04
3.000000e-01	-7.193945e-01	-1.267910e-01	1.316973e-01	2.300154e-02	-6.000000e-02		2.781131e-04
3.000000e-01	-7.354531e-01	-1.898672e-01	1.903477e-01	4.263688e-02	-9.000000e-02		3.424216e-04
3.000000e-01	-7.550664e-01	-2.449277e-01	2.450957e-01	6.577690e-02	-1.200000e-01		3.412749e-04
3.000000e-01	-7.851797e-01	-3.030039e-01	3.030039e-01	9.796333e-02	-1.500000e-01		3.979055e-04
3.000000e-01	-8.135664e-01	-3.492168e-01	3.492168e-01	1.271147e-01	-1.800000e-01		4.346665e-04
3.000000e-01	-8.445742e-01	-3.938496e-01	3.938496e-01	1.596886e-01	-2.100000e-01		4.369022e-04
3.000000e-01	-8.765898e-01	-4.365859e-01	4.365859e-01	1.946251e-01	-2.400000e-01		4.649625e-04
3.000000e-01	-9.119492e-01	-4.747500e-01	4.747500e-01	2.293914e-01	-2.700000e-01		4.995405e-04
3.000000e-01	-9.419648e-01	-5.034648e-01	5.034648e-01	2.569836e-01	-3.000000e-01		4.808311e-04

3.500000e-01	-1.294531e+00	7.195996e-01	7.195996e-01	5.197322e-01	3.000000e-01		6.929691e-04
3.500000e-01	-1.258066e+00	6.947480e-01	6.947480e-01	4.851784e-01	2.700000e-01		7.930626e-04
3.500000e-01	-1.224914e+00	6.706035e-01	6.706035e-01	4.525683e-01	2.400000e-01		7.777373e-04
3.500000e-01	-1.181926e+00	6.358594e-01	6.358594e-01	4.076064e-01	2.100000e-01		7.466875e-04
3.500000e-01	-1.138148e+00	5.981504e-01	5.981504e-01	3.617034e-01	1.800000e-01		7.748328e-04
3.500000e-01	-1.092836e+00	5.479844e-01	5.479844e-01	3.053919e-01	1.500000e-01		7.933999e-04
3.500000e-01	-1.039082e+00	4.860801e-01	4.860801e-01	2.427697e-01	1.200000e-01		7.442245e-04
3.500000e-01	-9.842969e-01	4.020020e-01	4.020020e-01	1.704086e-01	9.000000e-02		7.132791e-04
3.500000e-01	-9.377227e-01	3.014531e-01	3.020117e-01	1.025844e-01	6.000000e-02		6.057181e-04
3.500000e-01	-8.974102e-01	1.597500e-01	1.678164e-01	3.840343e-02	3.000000e-02		4.912371e-04
3.500000e-01	-8.802266e-01	3.488281e-03	9.900781e-02	1.529129e-02	0.000000e+00		4.570306e-04
3.500000e-01	-8.990547e-01	-1.589668e-01	1.699199e-01	3.912385e-02	-3.000000e-02		5.330683e-04
3.500000e-01	-9.342500e-01	-2.962656e-01	2.971289e-01	9.927531e-02	-6.000000e-02		6.167090e-04
3.500000e-01	-9.863320e-01	-4.042715e-01	4.042715e-01	1.720616e-01	-9.000000e-02		7.121584e-04
3.500000e-01	-1.039953e+00	-4.862930e-01	4.862930e-01	2.437063e-01	-1.200000e-01		8.387931e-04
3.500000e-01	-1.091738e+00	-5.452344e-01	5.452344e-01	3.023960e-01	-1.500000e-01		7.864101e-04
3.500000e-01	-1.143684e+00	-6.007207e-01	6.007207e-01	3.649731e-01	-1.800000e-01		8.147325e-04
3.500000e-01	-1.183949e+00	-6.378242e-01	6.378242e-01	4.101862e-01	-2.100000e-01		7.779033e-04
3.500000e-01	-1.228336e+00	-6.722324e-01	6.722324e-01	4.543656e-01	-2.400000e-01		7.097319e-04
3.500000e-01	-1.264336e+00	-6.996875e-01	6.996875e-01	4.916468e-01	-2.700000e-01		7.227700e-04
3.500000e-01	-1.296781e+00	-7.206895e-01	7.206895e-01	5.214032e-01	-3.000000e-01		7.170733e-04

4.000000e-01	-1.578516e+00	8.556113e-01	8.556113e-01	7.329232e-01	3.000000e-01		6.460303e-04
4.000000e-01	-1.553355e+00	8.437773e-01	8.437773e-01	7.129031e-01	2.700000e-01		6.689764e-04
4.000000e-01	-1.532902e+00	8.328027e-01	8.328027e-01	6.946466e-01	2.400000e-01		7.167970e-04
4.000000e-01	-1.508895e+00	8.182910e-01	8.182910e-01	6.707876e-01	2.100000e-01		6.753718e-04
4.000000e-01	-1.478980e+00	8.014297e-01	8.014297e-01	6.438298e-01	1.800000e-01		8.145748e-04
4.000000e-01	-1.443844e+00	7.780742e-01	7.780742e-01	6.073146e-01	1.500000e-01		8.380045e-04
4.000000e-01	-1.405414e+00	7.506602e-01	7.506602e-01	5.663467e-01	1.200000e-01		9.687310e-04
4.000000e-01	-1.355641e+00	7.054160e-01	7.054160e-01	5.019272e-01	9.000000e-02		1.030244e-03
4.000000e-01	-1.298227e+00	6.440957e-01	6.440957e-01	4.220230e-01	6.000000e-02		1.147984e-03
4.000000e-01	-1.202023e+00	4.934434e-01	4.938418e-01	2.609796e-01	3.000000e-02		1.244889e-03
4.000000e-01	-1.106832e+00	2.650391e-03	2.095762e-01	6.499060e-02	0.000000e+00		8.748467e-04
4.000000e-01	-1.205375e+00	-4.918867e-01	4.928711e-01	2.622659e-01	-3.000000e-02		1.322754e-03
4.000000e-01	-1.295359e+00	-6.406816e-01	6.406816e-01	4.180054e-01	-6.000000e-02		1.229213e-03
4.000000e-01	-1.356906e+00	-7.080410e-01	7.080410e-01	5.052373e-01	-9.000000e-02		1.057980e-03
4.000000e-01	-1.404676e+00	-7.496699e-01	7.496699e-01	5.647636e-01	-1.200000e-01		9.377798e-04
4.000000e-01	-1.450391e+00	-7.817773e-01	7.817773e-01	6.130997e-01	-1.500000e-01		8.489844e-04
4.000000e-01	-1.482309e+00	-8.025684e-01	8.025684e-01	6.456320e-01	-1.800000e-01		8.010770e-04
4.000000e-01	-1.504332e+00	-8.166035e-01	8.166035e-01	6.680984e-01	-2.100000e-01		7.535330e-04
4.000000e-01	-1.534539e+00	-8.334707e-01	8.334707e-01	6.957713e-01	-2.400000e-01		7.272486e-04
4.000000e-01	-1.557641e+00	-8.451367e-01	8.451367e-01	7.152142e-01	-2.700000e-01		6.630773e-04
4.000000e-01	-1.577594e+00	-8.555898e-01	8.555898e-01	7.328355e-01	-3.000000e-01		6.458337e-04

4.500000e-01	-1.749012e+00	9.221309e-01	9.221309e-01	8.506200e-01	3.000000e-01		4.243953e-04
4.500000e-01	-1.739051e+00	9.182676e-01	9.182676e-01	8.435773e-01	2.700000e-01		5.063680e-04
4.500000e-01	-1.726594e+00	9.125508e-01	9.125508e-01	8.331701e-01	2.400000e-01		5.426983e-04
4.500000e-01	-1.715340e+00	9.081797e-01	9.081797e-01	8.252272e-01	2.100000e-01		5.282466e-04
4.500000e-01	-1.695477e+00	8.991953e-01	8.991953e-01	8.091011e-01	1.800000e-01		6.165356e-04
4.500000e-01	-1.684242e+00	8.934980e-01	8.934980e-01	7.989481e-01	1.500000e-01		6.285127e-04
4.500000e-01	-1.662320e+00	8.824004e-01	8.824004e-01	7.794263e-01	1.200000e-01		7.171146e-04
4.500000e-01	-1.639277e+00	8.696582e-01	8.696582e-01	7.573924e-01	9.000000e-02		7.872582e-04
4.500000e-01	-1.609102e+00	8.523223e-01	8.523223e-01	7.278990e-01	6.000000e-02		8.879617e-04
4.500000e-01	-1.576281e+00	8.283340e-01	8.283340e-01	6.884450e-01	3.000000e-02		1.025747e-03
4.500000e-01	-1.516582e+00	7.557168e-01	7.557168e-01	5.839493e-01	0.000000e+00		1.550214e-03
4.500000e-01	-1.575512e+00	-8.262012e-01	8.262012e-01	6.853794e-01	-3.000000e-02		1.102445e-03
4.500000e-01	-1.609402e+00	-8.508027e-01	8.508027e-01	7.254642e-01	-6.000000e-02		9.368003e-04
4.500000e-01	-1.639070e+00	-8.697129e-01	8.697129e-01	7.575201e-01	-9.000000e-02		8.149055e-04
4.500000e-01	-1.660688e+00	-8.817598e-01	8.817598e-01	7.782674e-01	-1.200000e-01		6.474757e-04
4.500000e-01	-1.677723e+00	-8.905293e-01	8.905293e-01	7.936768e-01	-1.500000e-01		6.253720e-04
4.500000e-01	-1.697344e+00	-9.001777e-01	9.001777e-01	8.108473e-01	-1.800000e-01		6.251421e-04
4.500000e-01	-1.712699e+00	-9.065605e-01	9.065605e-01	8.223250e-01	-2.100000e-01		5.685536e-04
4.500000e-01	-1.727625e+00	-9.136035e-01	9.136035e-01	8.350696e-01	-2.400000e-01		5.240541e-04
4.500000e-01	-1.738707e+00	-9.179297e-01	9.179297e-01	8.429560e-01	-2.700000e-01		5.121861e-04
4.500000e-01	-1.751973e+00	-9.230977e-01	9.230977e-01	8.524285e-01	-3.000000e-01		4.630160e-04

5.000000e-01	-1.850969e+00	9.565117e-01	9.565117e-01	9.150648e-01	3.000000e-01		3.448902e-04
5.000000e-01	-1.842910e+00	9.538809e-01	9.538809e-01	9.100485e-01	2.700000e-01		3.493072e-04
5.000000e-01	-1.836695e+00	9.514121e-01	9.514121e-01	9.053674e-01	2.400000e-01		3.862700e-04
5.000000e-01	-1.827223e+00	9.481230e-01	9.481230e-01	8.991250e-01	2.100000e-01		3.787523e-04
5.000000e-01	-1.823016e+00	9.464336e-01	9.464336e-01	8.959692e-01	1.800000e-01		4.447217e-04
5.000000e-01	-1.809469e+00	9.412949e-01	9.412949e-01	8.863051e-01	1.500000e-01		4.727700e-04
5.000000e-01	-1.801852e+00	9.378262e-01	9.378262e-01	8.798282e-01	1.200000e-01		4.899098e-04
5.000000e-01	-1.791129e+00	9.334434e-01	9.334434e-01	8.716871e-01	9.000000e-02		5.671431e-04
5.000000e-01	-1.775137e+00	9.271777e-01	9.271777e-01	8.600363e-01	6.000000e-02		5.682364e-04
5.000000e-01	-1.760488e+00	9.198223e-01	9.198223e-01	8.465428e-01	3.000000e-02		6.065589e-04
5.000000e-01	-1.745414e+00	9.105781e-01	9.105781e-01	8.298866e-01	0.000000e+00		6.809911e-04
5.000000e-01	-1.721848e+00	8.935156e-01	8.935156e-01	8.004918e-01	-3.000000e-02		8.872534e-04
5.000000e-01	-1.776961e+00	-9.276094e-01	9.276094e-01	8.608542e-01	-6.000000e-02		5.504700e-04
5.000000e-01	-1.793152e+00	-9.348457e-01	9.348457e-01	8.742356e-01	-9.000000e-02		4.772064e-04
5.000000e-01	-1.801359e+00	-9.381230e-01	9.381230e-01	8.803485e-01	-1.200000e-01		4.738697e-04
5.000000e-01	-1.813598e+00	-9.429941e-01	9.429941e-01	8.894897e-01	-1.500000e-01		4.838487e-04
5.000000e-01	-1.821523e+00	-9.458340e-01	9.458340e-01	8.948091e-01	-1.800000e-01		4.012218e-04
5.000000e-01	-1.828145e+00	-9.486191e-01	9.486191e-01	9.000596e-01	-2.100000e-01		3.791007e-04
5.000000e-01	-1.839031e+00	-9.522363e-01	9.522363e-01	9.069424e-01	-2.400000e-01		4.037351e-04
5.000000e-01	-1.844199e+00	-9.543223e-01	9.543223e-01	9.108967e-01	-2.700000e-01		3.629523e-04
5.000000e-01	-1.850512e+00	-9.565781e-01	9.565781e-01	9.151826e-01	-3.000000e-01		3.230463e-04

5.500000e-01	-1.909199e+00	9.747500e-01	9.747500e-01	9.502092e-01	3.000000e-01		2.374681e-04
5.500000e-01	-1.906215e+00	9.737324e-01	9.737324e-01	9.482338e-01	2.700000e-01		2.489519e-04
5.500000e-01	-1.900773e+00	9.719805e-01	9.719805e-01	9.448343e-01	2.400000e-01		2.707083e-04
5.500000e-01	-1.897707e+00	9.708379e-01	9.708379e-01	9.426139e-01	2.100000e-01		2.575886e-04
5.500000e-01	-1.891035e+00	9.687695e-01	9.687695e-01	9.386261e-01	1.800000e-01		3.283575e-04
5.500000e-01	-1.884813e+00	9.666172e-01	9.666172e-01	9.344623e-01	1.500000e-01		3.251351e-04
5.500000e-01	-1.881371e+00	9.653262e-01	9.653262e-01	9.319776e-01	1.200000e-01		3.269860e-04
5.500000e-01	-1.874449e+00	9.630781e-01	9.630781e-01	9.276648e-01	9.000000e-02		3.850446e-04
5.500000e-01	-1.867734e+00	9.603516e-01	9.603516e-01	9.224449e-01	6.000000e-02		3.921681e-04
5.500000e-01	-1.858812e+00	9.573223e-01	9.573223e-01	9.166437e-01	3.000000e-02		3.884887e-04
5.500000e-01	-1.851984e+00	9.540801e-01	9.540801e-01	9.104991e-01	0.000000e+00		4.673681e-04
5.500000e-01	-1.838605e+00	9.488770e-01	9.488770e-01	9.006680e-01	-3.000000e-02		5.087356e-04
5.500000e-01	-1.829832e+00	9.431074e-01	9.431074e-01	8.899675e-01	-6.000000e-02		5.428994e-04
5.500000e-01	-1.870168e+00	-7.917461e-01	9.595938e-01	9.221603e-01	-9.000000e-02		5.180702e-04
5.500000e-01	-1.881238e+00	-9.653867e-01	9.653867e-01	9.320941e-01	-1.200000e-01		3.350717e-04
5.500000e-01	-1.886535e+00	-9.672363e-01	9.672363e-01	9.356584e-01	-1.500000e-01		3.075995e-04
5.500000e-01	-1.892082e+00	-9.689668e-01	9.689668e-01	9.390056e-01	-1.800000e-01		3.065059e-04
5.500000e-01	-1.895648e+00	-9.704258e-01	9.704258e-01	9.418124e-01	-2.100000e-01		2.642730e-04
5.500000e-01	-1.902750e+00	-9.725762e-01	9.725762e-01	9.459885e-01	-2.400000e-01		2.568184e-04
5.500000e-01	-1.906352e+00	-9.736563e-01	9.736563e-01	9.480847e-01	-2.700000e-01		2.432302e-04
5.500000e-01	-1.910574e+00	-9.750820e-01	9.750820e-01	9.508538e-01	-3.000000e-01		2.252851e-04

6.000000e-01	-1.944020e+00	9.847793e-01	9.847793e-01	9.698312e-01	3.000000e-01		1.684283e-04
6.000000e-01	-1.940789e+00	9.838438e-01	9.838438e-01	9.679928e-01	2.700000e-01		1.869381e-04
6.000000e-01	-1.940043e+00	9.835801e-01	9.835801e-01	9.674771e-01	2.400000e-01		1.963103e-04
6.000000e-01	-1.935305e+00	9.820762e-01	9.820762e-01	9.645212e-01	2.100000e-01		1.882186e-04
6.000000e-01	-1.931637e+00	9.810195e-01	9.810195e-01	9.624543e-01	1.800000e-01		2.176721e-04
6.000000e-01	-1.929199e+00	9.803262e-01	9.803262e-01	9.610955e-01	1.500000e-01		2.200967e-04
6.000000e-01	-1.925609e+00	9.792441e-01	9.792441e-01	9.589788e-01	1.200000e-01		2.280546e-04
6.000000e-01	-1.923781e+00	9.784883e-01	9.784883e-01	9.575020e-01	9.000000e-02		2.268669e-04
6.000000e-01	-1.919414e+00	9.771973e-01	9.771973e-01	9.549866e-01	6.000000e-02		2.542956e-04
6.000000e-01	-1.913328e+00	9.750937e-01	9.750937e-01	9.509025e-01	3.000000e-02		3.083788e-04
6.000000e-01	-1.909430e+00	9.736699e-01	9.736699e-01	9.481357e-01	0.000000e+00		3.231925e-04
6.000000e-01	-1.903859e+00	9.717344e-01	9.717344e-01	9.443786e-01	-3.000000e-02		3.326081e-04
6.000000e-01	-1.896469e+00	9.689688e-01	9.689688e-01	9.390440e-01	-6.000000e-02		3.829394e-04
6.000000e-01	-1.915234e+00	-4.907559e-01	9.738535e-01	9.496122e-01	-9.000000e-02		3.770398e-04
6.000000e-01	-1.925746e+00	-9.791699e-01	9.791699e-01	9.588386e-01	-1.200000e-01		2.398256e-04
6.000000e-01	-1.930770e+00	-9.806973e-01	9.806973e-01	9.618240e-01	-1.500000e-01		2.209695e-04
6.000000e-01	-1.933781e+00	-9.816523e-01	9.816523e-01	9.636952e-01	-1.800000e-01		2.092989e-04
6.000000e-01	-1.936332e+00	-9.825293e-01	9.825293e-01	9.654097e-01	-2.100000e-01		1.865237e-04
6.000000e-01	-1.937879e+00	-9.829570e-01	9.829570e-01	9.662501e-01	-2.400000e-01		1.825576e-04
6.000000e-01	-1.941859e+00	-9.841563e-01	9.841563e-01	9.686100e-01	-2.700000e-01		1.939886e-04
6.000000e-01	-1.945891e+00	-9.853984e-01	9.853984e-01	9.710505e-01	-3.000000e-01		1.762871e-04

6.500000e-01	-1.964148e+00	9.904023e-01	9.904023e-01	9.809213e-01	3.000000e-01		1.285004e-04
6.500000e-01	-1.962547e+00	9.900293e-01	9.900293e-01	9.801811e-01	2.700000e-01		1.253024e-04
6.500000e-01	-1.962145e+00	9.897949e-01	9.897949e-01	9.797210e-01	2.400000e-01		1.376111e-04
6.500000e-01	-1.960547e+00	9.894316e-01	9.894316e-01	9.790014e-01	2.100000e-01		1.374079e-04
6.500000e-01	-1.957648e+00	9.885020e-01	9.885020e-01	9.771680e-01	1.800000e-01		1.584184e-04
6.500000e-01	-1.955914e+00	9.880059e-01	9.880059e-01	9.761882e-01	1.500000e-01		1.617009e-04
6.500000e-01	-1.954410e+00	9.876211e-01	9.876211e-01	9.754292e-01	1.200000e-01		1.665912e-04
6.500000e-01	-1.952047e+00	9.869023e-01	9.869023e-01	9.740124e-01	9.000000e-02		1.780348e-04
6.500000e-01	-1.949422e+00	9.861797e-01	9.861797e-01	9.725900e-01	6.000000e-02		1.934006e-04
6.500000e-01	-1.945641e+00	9.849531e-01	9.849531e-01	9.701753e-01	3.000000e-02		1.934628e-04
6.500000e-01	-1.942574e+00	9.839043e-01	9.839043e-01	9.681173e-01	0.000000e+00		2.149737e-04
6.500000e-01	-1.939406e+00	9.828281e-01	9.828281e-01	9.660075e-01	-3.000000e-02		2.333746e-04
6.500000e-01	-1.935848e+00	9.816211e-01	9.816211e-01	9.636423e-01	-6.000000e-02		2.502667e-04
6.500000e-01	-1.931574e+00	9.803516e-01	9.803516e-01	9.611589e-01	-9.000000e-02		2.683027e-04
6.500000e-01	-1.929117e+00	9.794180e-01	9.794180e-01	9.593381e-01	-1.200000e-01		2.808674e-04
6.500000e-01	-1.921602e+00	9.768262e-01	9.768262e-01	9.542862e-01	-1.500000e-01		3.021833e-04
6.500000e-01	-1.957559e+00	-9.885430e-01	9.885430e-01	9.772476e-01	-1.800000e-01		1.512865e-04
6.500000e-01	-1.960203e+00	-9.893203e-01	9.893203e-01	9.787826e-01	-2.100000e-01		1.449420e-04
6.500000e-01	-1.961902e+00	-9.898086e-01	9.898086e-01	9.797462e-01	-2.400000e-01		1.314123e-04
6.500000e-01	-1.961742e+00	-9.898086e-01	9.898086e-01	9.797459e-01	-2.700000e-01		1.323250e-04
6.500000e-01	-1.964211e+00	-9.905020e-01	9.905020e-01	9.811172e-01	-3.000000e-01		1.249639e-04

7.000000e-01	-1.978406e+00	9.943633e-01	9.943633e-01	9.887708e-01	3.000000e-01		8.476617e-05
7.000000e-01	-1.976668e+00	9.938770e-01	9.938770e-01	9.878059e-01	2.700000e-01		9.543599e-05
7.000000e-01	-1.975695e+00	9.936738e-01	9.936738e-01	9.874018e-01	2.400000e-01		9.645616e-05
7.000000e-01	-1.974828e+00	9.933496e-01	9.933496e-01	9.867598e-01	2.100000e-01		1.065360e-04
7.000000e-01	-1.973207e+00	9.928789e-01	9.928789e-01	9.858262e-01	1.800000e-01		1.109343e-04
7.000000e-01	-1.972613e+00	9.927266e-01	9.927266e-01	9.855243e-01	1.500000e-01		1.130559e-04
7.000000e-01	-1.970934e+00	9.922266e-01	9.922266e-01	9.845331e-01	1.200000e-01		1.210085e-04
7.000000e-01	-1.968578e+00	9.916113e-01	9.916113e-01	9.833149e-01	9.000000e-02		1.401906e-04
7.000000e-01	-1.968039e+00	9.914102e-01	9.914102e-01	9.829190e-01	6.000000e-02		1.457445e-04
7.000000e-01	-1.965785e+00	9.907480e-01	9.907480e-01	9.816059e-01	3.000000e-02		1.393147e-04
7.000000e-01	-1.963832e+00	9.902676e-01	9.902676e-01	9.806548e-01	0.000000e+00		1.461859e-04
7.000000e-01	-1.961660e+00	9.895176e-01	9.895176e-01	9.791748e-01	-3.000000e-02		1.638675e-04
7.000000e-01	-1.959969e+00	9.890332e-01	9.890332e-01	9.782155e-01	-6.000000e-02		1.603812e-04
7.000000e-01	-1.956855e+00	9.879375e-01	9.879375e-01	9.760597e-01	-9.000000e-02		1.927295e-04
7.000000e-01	-1.954777e+00	9.873066e-01	9.873066e-01	9.748168e-01	-1.200000e-01		2.038781e-04
7.000000e-01	-1.951836e+00	9.863340e-01	9.863340e-01	9.729036e-01	-1.500000e-01		2.130224e-04
7.000000e-01	-1.968309e+00	-5.680039e-01	9.909180e-01	9.821534e-01	-1.800000e-01		2.013671e-04
7.000000e-01	-1.975316e+00	-9.935137e-01	9.935137e-01	9.870857e-01	-2.100000e-01		1.058061e-04
7.000000e-01	-1.975965e+00	-9.936875e-01	9.936875e-01	9.874285e-01	-2.400000e-01		9.018218e-05
7.000000e-01	-1.977406e+00	-9.940781e-01	9.940781e-01	9.882060e-01	-2.700000e-01		9.692442e-05
7.000000e-01	-1.977754e+00	-9.941660e-01	9.941660e-01	9.883802e-01	-3.000000e-01		9.268231e-05

7.500000e-01	-1.986348e+00	9.964883e-01	9.964883e-01	9.929969e-01	3.000000e-01		6.487062e-05
7.500000e-01	-1.985863e+00	9.963262e-01	9.963262e-01	9.926742e-01	2.700000e-01		6.581359e-05
7.500000e-01	-1.984266e+00	9.958926e-01	9.958926e-01	9.918116e-01	2.400000e-01		7.264037e-05
7.500000e-01	-1.983668e+00	9.957168e-01	9.957168e-01	9.914623e-01	2.100000e-01		7.987609e-05
7.500000e-01	-1.982820e+00	9.955117e-01	9.955117e-01	9.910537e-01	1.800000e-01		7.667767e-05
7.500000e-01	-1.982816e+00	9.954805e-01	9.954805e-01	9.909922e-01	1.500000e-01		8.140010e-05
7.500000e-01	-1.981297e+00	9.950859e-01	9.950859e-01	9.902078e-01	1.200000e-01		8.841467e-05
7.500000e-01	-1.980559e+00	9.948672e-01	9.948672e-01	9.897727e-01	9.000000e-02		8.942245e-05
7.500000e-01	-1.978836e+00	9.943887e-01	9.943887e-01	9.888228e-01	6.000000e-02		1.014628e-04
7.500000e-01	-1.977898e+00	9.941250e-01	9.941250e-01	9.882998e-01	3.000000e-02		1.055120e-04
7.500000e-01	-1.976477e+00	9.937285e-01	9.937285e-01	9.875130e-01	0.000000e+00		1.208455e-04
7.500000e-01	-1.976016e+00	9.936309e-01	9.936309e-01	9.873182e-01	-3.000000e-02		1.151882e-04
7.500000e-01	-1.973594e+00	9.928477e-01	9.928477e-01	9.857666e-01	-6.000000e-02		1.363369e-04
7.500000e-01	-1.972223e+00	9.924980e-01	9.924980e-01	9.850710e-01	-9.000000e-02		1.287347e-04
7.500000e-01	-1.969773e+00	9.917949e-01	9.917949e-01	9.836792e-01	-1.200000e-01		1.472971e-04
7.500000e-01	-1.968570e+00	9.913770e-01	9.913770e-01	9.828538e-01	-1.500000e-01		1.620645e-04
7.500000e-01	-1.967738e+00	9.911465e-01	9.911465e-01	9.823962e-01	-1.800000e-01		1.545632e-04
7.500000e-01	-1.982680e+00	-9.954316e-01	9.954316e-01	9.908954e-01	-2.100000e-01		8.383636e-05
7.500000e-01	-1.983977e+00	-9.958184e-01	9.958184e-01	9.916630e-01	-2.400000e-01		6.697880e-05
7.500000e-01	-1.984480e+00	-9.959609e-01	9.959609e-01	9.919469e-01	-2.700000e-01		6.724209e-05
7.500000e-01	-1.985469e+00	-9.962402e-01	9.962402e-01	9.925028e-01	-3.000000e-01		6.570854e-05

8.000000e-01	-1.990578e+00	9.223730e-01	9.973418e-01	9.947563e-01	3.000000e-01		7.289312e-05
8.000000e-01	-1.990883e+00	9.976621e-01	9.976621e-01	9.953344e-01	2.700000e-01		4.447699e-05
8.000000e-01	-1.990117e+00	9.974531e-01	9.974531e-01	9.949185e-01	2.400000e-01		5.329199e-05
8.000000e-01	-1.989762e+00	9.973359e-01	9.973359e-01	9.946853e-01	2.100000e-01		5.597030e-05
8.000000e-01	-1.988605e+00	9.970605e-01	9.970605e-01	9.941359e-01	1.800000e-01		5.646593e-05
8.000000e-01	-1.988164e+00	9.969297e-01	9.969297e-01	9.938764e-01	1.500000e-01		6.881934e-05
8.000000e-01	-1.987715e+00	9.968418e-01	9.968418e-01	9.937003e-01	1.200000e-01		6.261694e-05
8.000000e-01	-1.986992e+00	9.965996e-01	9.965996e-01	9.932195e-01	9.000000e-02		7.512793e-05
8.000000e-01	-1.986051e+00	9.963437e-01	9.963437e-01	9.927097e-01	6.000000e-02		7.625937e-05
8.000000e-01	-1.985734e+00	9.962910e-01	9.962910e-01	9.926047e-01	3.000000e-02		7.707906e-05
8.000000e-01	-1.984480e+00	9.959199e-01	9.959199e-01	9.918658e-01	0.000000e+00		7.594015e-05
8.000000e-01	-1.984348e+00	9.958789e-01	9.958789e-01	9.917840e-01	-3.000000e-02		7.864210e-05
8.000000e-01	-1.983719e+00	9.957090e-01	9.957090e-01	9.914467e-01	-6.000000e-02		8.722438e-05
8.000000e-01	-1.982324e+00	9.953184e-01	9.953184e-01	9.906698e-01	-9.000000e-02		9.417358e-05
8.000000e-01	-1.980820e+00	9.949062e-01	9.949062e-01	9.898517e-01	-1.200000e-01		1.076748e-04
8.000000e-01	-1.979988e+00	9.946484e-01	9.946484e-01	9.893382e-01	-1.500000e-01		1.026355e-04
8.000000e-01	-1.977836e+00	9.939883e-01	9.939883e-01	9.880306e-01	-1.800000e-01		1.280246e-04
8.000000e-01	-1.978039e+00	9.940078e-01	9.940078e-01	9.880689e-01	-2.100000e-01		1.234484e-04
8.000000e-01	-1.986137e+00	-5.661406e-01	9.955273e-01	9.917544e-01	-2.400000e-01		1.271250e-04
8.000000e-01	-1.990863e+00	-9.976445e-01	9.976445e-01	9.952997e-01	-2.700000e-01		4.668046e-05
8.000000e-01	-1.990566e+00	-9.975664e-01	9.975664e-01	9.951437e-01	-3.000000e-01		4.555444e-05

8.500000e-01	-1.986766e+00	-2.708770e-01	9.959043e-01	9.921415e-01	3.000000e-01		1.235122e-04
8.500000e-01	-1.994219e+00	9.985176e-01	9.985176e-01	9.970406e-01	2.700000e-01		3.428171e-05
8.500000e-01	-1.993746e+00	9.983965e-01	9.983965e-01	9.967991e-01	2.400000e-01		3.640060e-05
8.500000e-01	-1.993395e+00	9.983203e-01	9.983203e-01	9.966472e-01	2.100000e-01		4.043247e-05
8.500000e-01	-1.993520e+00	9.983398e-01	9.983398e-01	9.966858e-01	1.800000e-01		3.592567e-05
8.500000e-01	-1.992312e+00	9.980215e-01	9.980215e-01	9.960513e-01	1.500000e-01		4.688683e-05
8.500000e-01	-1.991930e+00	9.979121e-01	9.979121e-01	9.958335e-01	1.200000e-01		4.768795e-05
8.500000e-01	-1.991844e+00	9.978867e-01	9.978867e-01	9.957822e-01	9.000000e-02		4.460785e-05
8.500000e-01	-1.991277e+00	9.977578e-01	9.977578e-01	9.955254e-01	6.000000e-02		4.959593e-05
8.500000e-01	-1.990824e+00	9.976250e-01	9.976250e-01	9.952610e-01	3.000000e-02		5.398905e-05
8.500000e-01	-1.990227e+00	9.974629e-01	9.974629e-01	9.949382e-01	0.000000e+00		6.045818e-05
8.500000e-01	-1.989539e+00	9.972656e-01	9.972656e-01	9.945452e-01	-3.000000e-02		6.398954e-05
8.500000e-01	-1.989352e+00	9.972188e-01	9.972188e-01	9.944522e-01	-6.000000e-02		6.882496e-05
8.500000e-01	-1.988223e+00	9.969102e-01	9.969102e-01	9.938372e-01	-9.000000e-02		7.215271e-05
8.500000e-01	-1.987641e+00	9.967617e-01	9.967617e-01	9.935416e-01	-1.200000e-01		7.561802e-05
8.500000e-01	-1.987070e+00	9.965605e-01	9.965605e-01	9.931420e-01	-1.500000e-01		8.166821e-05
8.500000e-01	-1.986078e+00	9.963535e-01	9.963535e-01	9.927292e-01	-1.800000e-01		8.684976e-05
8.500000e-01	-1.985195e+00	9.960918e-01	9.960918e-01	9.922090e-01	-2.100000e-01		9.251629e-05
8.500000e-01	-1.983902e+00	9.957246e-01	9.957246e-01	9.914782e-01	-2.400000e-01		9.827613e-05
8.500000e-01	-1.983391e+00	9.954590e-01	9.954590e-01	9.909521e-01	-2.700000e-01		1.039883e-04
8.500000e-01	-1.984699e+00	5.279434e-01	9.953184e-01	9.909752e-01	-3.000000e-01		1.282379e-04

9.000000e-01	-1.988559e+00	-9.969551e-01	9.969551e-01	9.939272e-01	3.000000e-01		7.670329e-05
9.000000e-01	-1.989125e+00	-9.971211e-01	9.971211e-01	9.942575e-01	2.700000e-01		7.402601e-05
9.000000e-01	-1.989055e+00	-9.971172e-01	9.971172e-01	9.942499e-01	2.400000e-01		7.668892e-05
9.000000e-01	-1.990215e+00	-9.974355e-01	9.974355e-01	9.948837e-01	2.100000e-01		6.503601e-05
9.000000e-01	-1.990367e+00	-9.974590e-01	9.974590e-01	9.949310e-01	1.800000e-01		6.989172e-05
9.000000e-01	-1.990832e+00	-9.975977e-01	9.975977e-01	9.952069e-01	1.500000e-01		6.279417e-05
9.000000e-01	-1.991555e+00	-9.978047e-01	9.978047e-01	9.956193e-01	1.200000e-01		5.692539e-05
9.000000e-01	-1.991977e+00	-9.979043e-01	9.979043e-01	9.958184e-01	9.000000e-02		6.062497e-05
9.000000e-01	-1.993164e+00	-9.982305e-01	9.982305e-01	9.964682e-01	6.000000e-02		4.560081e-05
9.000000e-01	-1.993672e+00	-9.983652e-01	9.983652e-01	9.967368e-01	3.000000e-02		4.184473e-05
9.000000e-01	-1.994078e+00	-9.984727e-01	9.984727e-01	9.969511e-01	0.000000e+00		3.994312e-05
9.000000e-01	-1.994086e+00	-9.984805e-01	9.984805e-01	9.969667e-01	-3.000000e-02		4.031466e-05
9.000000e-01	-1.994230e+00	-9.985215e-01	9.985215e-01	9.970482e-01	-6.000000e-02		3.650378e-05
9.000000e-01	-1.994227e+00	-9.985117e-01	9.985117e-01	9.970287e-01	-9.000000e-02		3.499646e-05
9.000000e-01	-1.994824e+00	-9.986758e-01	9.986758e-01	9.973560e-01	-1.200000e-01		3.257223e-05
9.000000e-01	-1.994906e+00	-9.987070e-01	9.987070e-01	9.974183e-01	-1.500000e-01		3.123998e-05
9.000000e-01	-1.995402e+00	-9.988184e-01	9.988184e-01	9.976407e-01	-1.800000e-01		3.045004e-05
9.000000e-01	-1.995852e+00	-9.989375e-01	9.989375e-01	9.978783e-01	-2.100000e-01		2.645151e-05
9.000000e-01	-1.995879e+00	-9.989434e-01	9.989434e-01	9.978901e-01	-2.400000e-01		2.672119e-05
9.000000e-01	-1.996164e+00	-9.990293e-01	9.990293e-01	9.980615e-01	-2.700000e-01		2.412197e-05
9.000000e-01	-1.996598e+00	-9.991348e-01	9.991348e-01	9.982721e-01	-3.000000e-01		2.254838e-05

9.500000e-01	-1.992254e+00	-9.979688e-01	9.979688e-01	9.959462e-01	3.000000e-01		5.492877e-05
9.500000e-01	-1.992234e+00	-9.979395e-01	9.979395e-01	9.958884e-01	2.700000e-01		5.935127e-05
9.500000e-01	-1.992969e+00	-9.981738e-01	9.981738e-01	9.963550e-01	2.400000e-01		5.120079e-05
9.500000e-01	-1.993305e+00	-9.982520e-01	9.982520e-01	9.965109e-01	2.100000e-01		4.968878e-05
9.500000e-01	-1.993855e+00	-9.984102e-01	9.984102e-01	9.968263e-01	1.800000e-01		4.349824e-05
9.500000e-01	-1.994184e+00	-9.985020e-01	9.985020e-01	9.970093e-01	1.500000e-01		4.120134e-05
9.500000e-01	-1.994781e+00	-9.986543e-01	9.986543e-01	9.973136e-01	1.200000e-01		4.152117e-05
9.500000e-01	-1.994652e+00	-9.986113e-01	9.986113e-01	9.972277e-01	9.000000e-02		3.895610e-05
9.500000e-01	-1.994730e+00	-9.986523e-01	9.986523e-01	9.973094e-01	6.000000e-02		3.843776e-05
9.500000e-01	-1.995613e+00	-9.988750e-01	9.988750e-01	9.977536e-01	3.000000e-02		3.142378e-05
9.500000e-01	-1.995441e+00	-9.988223e-01	9.988223e-01	9.976485e-01	0.000000e+00		3.295567e-05
9.500000e-01	-1.995871e+00	-9.989512e-01	9.989512e-01	9.979057e-01	-3.000000e-02		3.059586e-05
9.500000e-01	-1.996172e+00	-9.990137e-01	9.990137e-01	9.980304e-01	-6.000000e-02		2.679297e-05
9.500000e-01	-1.996527e+00	-9.991191e-01	9.991191e-01	9.982409e-01	-9.000000e-02		2.562352e-05
9.500000e-01	-1.996828e+00	-9.991836e-01	9.991836e-01	9.983696e-01	-1.200000e-01		2.328212e-05
9.500000e-01	-1.997031e+00	-9.992461e-01	9.992461e-01	9.984943e-01	-1.500000e-01		2.107523e-05
9.500000e-01	-1.997285e+00	-9.993066e-01	9.993066e-01	9.986152e-01	-1.800000e-01		1.911388e-05
9.500000e-01	-1.997430e+00	-9.993457e-01	9.993457e-01	9.986932e-01	-2.100000e-01		1.893570e-05
9.500000e-01	-1.997160e+00	-9.992773e-01	9.992773e-01	9.985567e-01	-2.400000e-01		2.082832e-05
9.500000e-01	-1.997375e+00	-9.993398e-01	9.993398e-01	9.986814e-01	-2.700000e-01		1.878945e-05
9.500000e-01	-1.997453e+00	-9.993516e-01	9.993516e-01	9.987049e-01	-3.000000e-01		1.863081e-05

1.000000e+00	-1.994520e+00	-9.985645e-01	9.985645e-01	9.971343e-01	3.000000e-01		4.410692e-05
1.000000e+00	-1.995164e+00	-9.987422e-01	9.987422e-01	9.974889e-01	2.700000e-01		4.067010e-05
1.000000e+00	-1.995094e+00	-9.987324e-01	9.987324e-01	9.974693e-01	2.400000e-01		4.090063e-05
1.000000e+00	-1.995563e+00	-9.988496e-01	9.988496e-01	9.977034e-01	2.100000e-01		3.914648e-05
1.000000e+00	-1.995867e+00	-9.989355e-01	9.989355e-01	9.978744e-01	1.800000e-01		3.208368e-05
1.000000e+00	-1.996020e+00	-9.989707e-01	9.989707e-01	9.979448e-01	1.500000e-01		3.141234e-05
1.000000e+00	-1.996277e+00	-9.990488e-01	9.990488e-01	9.981004e-01	1.200000e-01		2.784410e-05
1.000000e+00	-1.996609e+00	-9.991270e-01	9.991270e-01	9.982567e-01	9.000000e-02		2.958032e-05
1.000000e+00	-1.996707e+00	-9.991582e-01	9.991582e-01	9.983188e-01	6.000000e-02		2.548753e-05
1.000000e+00	-1.997012e+00	-9.992383e-01	9.992383e-01	9.984787e-01	3.000000e-02		2.373924e-05
1.000000e+00	-1.997484e+00	-9.993633e-01	9.993633e-01	9.987283e-01	0.000000e+00		2.101538e-05
1.000000e+00	-1.997418e+00	-9.993418e-01	9.993418e-01	9.986854e-01	-3.000000e-02		2.014281e-05
1.000000e+00	-1.997605e+00	-9.993945e-01	9.993945e-01	9.987906e-01	-6.000000e-02		1.866502e-05
1.000000e+00	-1.997605e+00	-9.993887e-01	9.993887e-01	9.987790e-01	-9.000000e-02		1.915331e-05
1.000000e+00	-1.998035e+00	-9.995000e-01	9.995000e-01	9.990013e-01	-1.200000e-01		1.599107e-05
1.000000e+00	-1.998070e+00	-9.995117e-01	9.995117e-01	9.990246e-01	-1.500000e-01		1.483099e-05
1.000000e+00	-1.998242e+00	-9.995566e-01	9.995566e-01	9.991144e-01	-1.800000e-01		1.436615e-05
1.000000e+00	-1.998152e+00	-9.995312e-01	9.995312e-01	9.990636e-01	-2.100000e-01		1.381334e-05
1.000000e+00	-1.998391e+00	-9.995957e-01	9.995957e-01	9.991923e-01	-2.400000e-01		1.227197e-05
1.000000e+00	-1.998402e+00	-9.995977e-01	9.995977e-01	9.991963e-01	-2.700000e-01		1.238585e-05
1.000000e+00	-1.998602e+00	-9.996504e-01	9.996504e-01	9.993015e-01	-3.000000e-01		1.006830e-05
