# 2d Ising model
# L = 128
# method = heatbath
# beta_min = 0.440687
# beta_max = 1
# N_pts_beta = 1
# h_min = 0
# h_max = 1
# N_pts_h = 1
# beta 	 e 	 m 	 |m| 	 msq 	 h 	 - 	 cV
0	-7.324219e-01	3.161621e-02	
1	-9.606934e-01	1.049805e-02	
2	-1.038818e+00	1.501465e-02	
3	-1.087158e+00	2.490234e-02	
4	-1.115234e+00	2.233887e-02	
5	-1.135498e+00	2.734375e-02	
6	-1.169189e+00	3.967285e-02	
7	-1.184326e+00	4.223633e-02	
8	-1.214844e+00	5.029297e-02	
9	-1.213379e+00	4.235840e-02	
10	-1.222412e+00	4.785156e-02	
11	-1.237305e+00	4.052734e-02	
12	-1.248291e+00	2.526855e-02	
13	-1.259521e+00	3.271484e-02	
14	-1.242188e+00	1.660156e-02	
15	-1.244385e+00	1.257324e-02	
16	-1.250244e+00	2.917480e-02	
17	-1.260498e+00	2.832031e-02	
18	-1.248535e+00	2.783203e-02	
19	-1.261475e+00	4.016113e-02	
20	-1.283936e+00	4.138184e-02	
21	-1.285400e+00	4.638672e-02	
22	-1.278076e+00	3.955078e-02	
23	-1.270020e+00	3.833008e-02	
24	-1.260010e+00	3.332520e-02	
25	-1.265869e+00	3.063965e-02	
26	-1.284912e+00	2.539062e-02	
27	-1.280273e+00	2.868652e-02	
28	-1.281250e+00	1.098633e-02	
29	-1.284424e+00	3.906250e-03	
30	-1.293457e+00	3.540039e-03	
31	-1.290771e+00	-2.319336e-03	
32	-1.284180e+00	-1.196289e-02	
33	-1.294434e+00	-7.202148e-03	
34	-1.281494e+00	1.708984e-03	
35	-1.265625e+00	1.257324e-02	
36	-1.282227e+00	8.178711e-03	
37	-1.279053e+00	1.843262e-02	
38	-1.292725e+00	2.722168e-02	
39	-1.276123e+00	3.271484e-02	
40	-1.280273e+00	2.685547e-02	
41	-1.283691e+00	2.929688e-02	
42	-1.299316e+00	3.125000e-02	
43	-1.308594e+00	6.286621e-02	
44	-1.300049e+00	5.334473e-02	
45	-1.304443e+00	4.968262e-02	
46	-1.287842e+00	4.748535e-02	
47	-1.299316e+00	5.566406e-02	
48	-1.292480e+00	5.517578e-02	
49	-1.297607e+00	4.895020e-02	
50	-1.310791e+00	5.969238e-02	
51	-1.283447e+00	5.017090e-02	
52	-1.316895e+00	5.590820e-02	
53	-1.295898e+00	5.175781e-02	
54	-1.317871e+00	4.968262e-02	
55	-1.317627e+00	2.355957e-02	
56	-1.314941e+00	2.258301e-02	
57	-1.322266e+00	1.245117e-02	
58	-1.324463e+00	3.295898e-02	
59	-1.311279e+00	5.517578e-02	
60	-1.326172e+00	4.675293e-02	
61	-1.305420e+00	5.847168e-02	
62	-1.287109e+00	4.809570e-02	
63	-1.291016e+00	4.907227e-02	
64	-1.307617e+00	4.650879e-02	
65	-1.309814e+00	5.224609e-02	
66	-1.303467e+00	3.259277e-02	
67	-1.313477e+00	2.294922e-02	
68	-1.290527e+00	4.199219e-02	
69	-1.290283e+00	2.612305e-02	
70	-1.299316e+00	4.211426e-02	
71	-1.298828e+00	4.382324e-02	
72	-1.297607e+00	3.002930e-02	
73	-1.311279e+00	2.673340e-02	
74	-1.314453e+00	3.552246e-02	
75	-1.282227e+00	3.039551e-02	
76	-1.317627e+00	3.955078e-02	
77	-1.354980e+00	3.808594e-02	
78	-1.352783e+00	5.017090e-02	
79	-1.338135e+00	4.870605e-02	
80	-1.327881e+00	4.675293e-02	
81	-1.322266e+00	4.846191e-02	
82	-1.315674e+00	2.734375e-02	
83	-1.322998e+00	1.147461e-02	
84	-1.330566e+00	1.013184e-02	
85	-1.302246e+00	1.147461e-02	
86	-1.295166e+00	1.647949e-02	
87	-1.285645e+00	2.954102e-02	
88	-1.299805e+00	3.039551e-02	
89	-1.315186e+00	3.002930e-02	
90	-1.304443e+00	4.296875e-02	
91	-1.297607e+00	4.931641e-02	
92	-1.321045e+00	4.931641e-02	
93	-1.315186e+00	5.529785e-02	
94	-1.313965e+00	5.395508e-02	
95	-1.327148e+00	4.809570e-02	
96	-1.350342e+00	4.772949e-02	
97	-1.339600e+00	5.200195e-02	
98	-1.320312e+00	5.944824e-02	
99	-1.329590e+00	7.214355e-02	
100	-1.322998e+00	6.933594e-02	
101	-1.315918e+00	5.249023e-02	
102	-1.302246e+00	5.432129e-02	
103	-1.322754e+00	6.237793e-02	
104	-1.325195e+00	6.896973e-02	
105	-1.351807e+00	6.787109e-02	
106	-1.335449e+00	7.373047e-02	
107	-1.337158e+00	6.945801e-02	
108	-1.331299e+00	7.373047e-02	
109	-1.352295e+00	6.689453e-02	
110	-1.335693e+00	5.944824e-02	
111	-1.343018e+00	8.178711e-02	
112	-1.339355e+00	6.762695e-02	
113	-1.319580e+00	6.945801e-02	
114	-1.340820e+00	7.153320e-02	
115	-1.347900e+00	6.994629e-02	
116	-1.336914e+00	6.921387e-02	
117	-1.313721e+00	6.420898e-02	
118	-1.311035e+00	6.665039e-02	
119	-1.307617e+00	6.652832e-02	
120	-1.315186e+00	5.737305e-02	
121	-1.302246e+00	6.225586e-02	
122	-1.322021e+00	6.164551e-02	
123	-1.330078e+00	6.359863e-02	
124	-1.323730e+00	7.653809e-02	
125	-1.320068e+00	7.714844e-02	
126	-1.290527e+00	8.239746e-02	
127	-1.308594e+00	8.264160e-02	
128	-1.319580e+00	9.997559e-02	
129	-1.297119e+00	9.045410e-02	
130	-1.305664e+00	9.680176e-02	
131	-1.326416e+00	8.996582e-02	
132	-1.332275e+00	9.033203e-02	
133	-1.346191e+00	8.532715e-02	
134	-1.307617e+00	7.312012e-02	
135	-1.316650e+00	6.933594e-02	
136	-1.344482e+00	6.713867e-02	
137	-1.322266e+00	6.909180e-02	
138	-1.318359e+00	6.201172e-02	
139	-1.333740e+00	6.408691e-02	
140	-1.298584e+00	4.052734e-02	
141	-1.314453e+00	3.759766e-02	
142	-1.321289e+00	3.625488e-02	
143	-1.323486e+00	3.906250e-02	
144	-1.315186e+00	2.709961e-02	
145	-1.312744e+00	1.416016e-02	
146	-1.323975e+00	3.686523e-02	
147	-1.323975e+00	3.588867e-02	
148	-1.321777e+00	3.613281e-02	
149	-1.328125e+00	3.039551e-02	
150	-1.322998e+00	2.893066e-02	
151	-1.324463e+00	3.686523e-02	
152	-1.324219e+00	4.077148e-02	
153	-1.328125e+00	3.234863e-02	
154	-1.322021e+00	2.978516e-02	
155	-1.346436e+00	4.162598e-02	
156	-1.338867e+00	4.626465e-02	
157	-1.320068e+00	4.907227e-02	
158	-1.320068e+00	4.943848e-02	
159	-1.335693e+00	3.051758e-02	
160	-1.333252e+00	4.870605e-02	
161	-1.307129e+00	5.053711e-02	
162	-1.302490e+00	3.552246e-02	
163	-1.319092e+00	4.443359e-02	
164	-1.316162e+00	4.821777e-02	
165	-1.320312e+00	4.675293e-02	
166	-1.330566e+00	4.382324e-02	
167	-1.315430e+00	3.491211e-02	
168	-1.326904e+00	3.918457e-02	
169	-1.336426e+00	4.772949e-02	
170	-1.354248e+00	5.029297e-02	
171	-1.365967e+00	5.615234e-02	
172	-1.347412e+00	5.773926e-02	
173	-1.346924e+00	4.772949e-02	
174	-1.364502e+00	3.808594e-02	
175	-1.363281e+00	3.259277e-02	
176	-1.357666e+00	3.552246e-02	
177	-1.346924e+00	4.125977e-02	
178	-1.349854e+00	4.443359e-02	
179	-1.364990e+00	4.650879e-02	
180	-1.343018e+00	4.431152e-02	
181	-1.372559e+00	4.870605e-02	
182	-1.378418e+00	6.054688e-02	
183	-1.367676e+00	7.177734e-02	
184	-1.373779e+00	6.323242e-02	
185	-1.361328e+00	9.252930e-02	
186	-1.348145e+00	8.715820e-02	
187	-1.356201e+00	7.788086e-02	
188	-1.356445e+00	7.934570e-02	
189	-1.348877e+00	8.288574e-02	
190	-1.358154e+00	7.470703e-02	
191	-1.354004e+00	8.178711e-02	
192	-1.371826e+00	8.740234e-02	
193	-1.375000e+00	8.300781e-02	
194	-1.351074e+00	7.775879e-02	
195	-1.364990e+00	7.128906e-02	
196	-1.363770e+00	7.714844e-02	
197	-1.368652e+00	7.897949e-02	
198	-1.372803e+00	8.020020e-02	
199	-1.353760e+00	6.872559e-02	
200	-1.353516e+00	6.262207e-02	
201	-1.379639e+00	6.872559e-02	
202	-1.346436e+00	6.079102e-02	
203	-1.329834e+00	4.956055e-02	
204	-1.341553e+00	4.943848e-02	
205	-1.359619e+00	4.541016e-02	
206	-1.362549e+00	3.955078e-02	
207	-1.375488e+00	4.479980e-02	
208	-1.350342e+00	5.200195e-02	
209	-1.340088e+00	4.858398e-02	
210	-1.344238e+00	5.615234e-02	
211	-1.379883e+00	4.150391e-02	
212	-1.341553e+00	4.980469e-02	
213	-1.368408e+00	4.077148e-02	
214	-1.360107e+00	4.687500e-02	
215	-1.350342e+00	5.236816e-02	
216	-1.371826e+00	4.235840e-02	
217	-1.374023e+00	3.637695e-02	
218	-1.352783e+00	3.515625e-02	
219	-1.328613e+00	4.516602e-02	
220	-1.341309e+00	4.687500e-02	
221	-1.332031e+00	5.834961e-02	
222	-1.338135e+00	5.444336e-02	
223	-1.345703e+00	6.726074e-02	
224	-1.345215e+00	6.213379e-02	
225	-1.328125e+00	5.407715e-02	
226	-1.331055e+00	5.541992e-02	
227	-1.327881e+00	7.067871e-02	
228	-1.330078e+00	7.067871e-02	
229	-1.339844e+00	8.142090e-02	
230	-1.360107e+00	8.422852e-02	
231	-1.357666e+00	8.715820e-02	
232	-1.327148e+00	8.129883e-02	
233	-1.332764e+00	7.519531e-02	
234	-1.328369e+00	6.481934e-02	
235	-1.315430e+00	7.568359e-02	
236	-1.317627e+00	8.264160e-02	
237	-1.324219e+00	8.276367e-02	
238	-1.352783e+00	8.227539e-02	
239	-1.340576e+00	8.825684e-02	
240	-1.341553e+00	8.117676e-02	
241	-1.351562e+00	8.544922e-02	
242	-1.341797e+00	8.569336e-02	
243	-1.338623e+00	8.142090e-02	
244	-1.341797e+00	7.531738e-02	
245	-1.362793e+00	6.066895e-02	
246	-1.356689e+00	4.821777e-02	
247	-1.364990e+00	5.725098e-02	
248	-1.346680e+00	4.846191e-02	
249	-1.356445e+00	5.932617e-02	
250	-1.378906e+00	5.126953e-02	
251	-1.353516e+00	3.576660e-02	
252	-1.364990e+00	3.088379e-02	
253	-1.338379e+00	4.370117e-02	
254	-1.338379e+00	4.394531e-02	
255	-1.369141e+00	4.370117e-02	
256	-1.362549e+00	5.407715e-02	
257	-1.344727e+00	4.858398e-02	
258	-1.330811e+00	5.200195e-02	
259	-1.332031e+00	5.908203e-02	
260	-1.324463e+00	7.165527e-02	
261	-1.335693e+00	9.020996e-02	
262	-1.314453e+00	6.604004e-02	
263	-1.360352e+00	6.152344e-02	
264	-1.349854e+00	6.896973e-02	
265	-1.354736e+00	8.264160e-02	
266	-1.345703e+00	7.800293e-02	
267	-1.359863e+00	8.117676e-02	
268	-1.349121e+00	8.715820e-02	
269	-1.385986e+00	9.338379e-02	
270	-1.358398e+00	8.935547e-02	
271	-1.356201e+00	9.692383e-02	
272	-1.333496e+00	1.003418e-01	
273	-1.335205e+00	9.814453e-02	
274	-1.353027e+00	9.716797e-02	
275	-1.347656e+00	7.678223e-02	
276	-1.351074e+00	7.556152e-02	
277	-1.329346e+00	6.311035e-02	
278	-1.352051e+00	5.444336e-02	
279	-1.341309e+00	5.371094e-02	
280	-1.352295e+00	5.834961e-02	
281	-1.311523e+00	5.932617e-02	
282	-1.343750e+00	4.284668e-02	
283	-1.333252e+00	4.113770e-02	
284	-1.339600e+00	5.004883e-02	
285	-1.346680e+00	5.371094e-02	
286	-1.341064e+00	4.345703e-02	
287	-1.339111e+00	4.162598e-02	
288	-1.365967e+00	4.895020e-02	
289	-1.360840e+00	4.333496e-02	
290	-1.347168e+00	3.991699e-02	
291	-1.326172e+00	3.833008e-02	
292	-1.338135e+00	4.089355e-02	
293	-1.349365e+00	3.820801e-02	
294	-1.335938e+00	3.454590e-02	
295	-1.324951e+00	2.856445e-02	
296	-1.337891e+00	3.442383e-02	
297	-1.325684e+00	4.406738e-02	
298	-1.354736e+00	4.003906e-02	
299	-1.352295e+00	2.502441e-02	
300	-1.375732e+00	3.002930e-02	
301	-1.369629e+00	4.077148e-02	
302	-1.342041e+00	5.395508e-02	
303	-1.312988e+00	5.932617e-02	
304	-1.324951e+00	5.895996e-02	
305	-1.335205e+00	5.773926e-02	
306	-1.358398e+00	7.287598e-02	
307	-1.339111e+00	8.557129e-02	
308	-1.345459e+00	8.581543e-02	
309	-1.359619e+00	9.777832e-02	
310	-1.376465e+00	8.679199e-02	
311	-1.394043e+00	8.996582e-02	
312	-1.356934e+00	8.642578e-02	
313	-1.349854e+00	8.996582e-02	
314	-1.337402e+00	1.005859e-01	
315	-1.330811e+00	1.007080e-01	
316	-1.334961e+00	8.178711e-02	
317	-1.326172e+00	6.787109e-02	
318	-1.345947e+00	6.848145e-02	
319	-1.339111e+00	6.213379e-02	
320	-1.346680e+00	6.066895e-02	
321	-1.345215e+00	5.639648e-02	
322	-1.349854e+00	5.480957e-02	
323	-1.338379e+00	5.529785e-02	
324	-1.333496e+00	4.858398e-02	
325	-1.341553e+00	6.628418e-02	
326	-1.352051e+00	7.263184e-02	
327	-1.345215e+00	9.790039e-02	
328	-1.337402e+00	9.326172e-02	
329	-1.363037e+00	9.606934e-02	
330	-1.361572e+00	9.777832e-02	
331	-1.376221e+00	1.053467e-01	
332	-1.370361e+00	1.102295e-01	
333	-1.370117e+00	9.936523e-02	
334	-1.378906e+00	1.113281e-01	
335	-1.398682e+00	1.014404e-01	
336	-1.379639e+00	9.387207e-02	
337	-1.389893e+00	9.484863e-02	
338	-1.371094e+00	8.593750e-02	
339	-1.371582e+00	9.265137e-02	
340	-1.376221e+00	1.005859e-01	
341	-1.380615e+00	9.362793e-02	
342	-1.387939e+00	9.387207e-02	
343	-1.365234e+00	1.049805e-01	
344	-1.358398e+00	9.704590e-02	
345	-1.384521e+00	9.790039e-02	
346	-1.376465e+00	9.643555e-02	
347	-1.354004e+00	8.300781e-02	
348	-1.367188e+00	8.239746e-02	
349	-1.370117e+00	8.557129e-02	
350	-1.375488e+00	1.083984e-01	
351	-1.396240e+00	1.087646e-01	
352	-1.382812e+00	1.162109e-01	
353	-1.385742e+00	1.108398e-01	
354	-1.383789e+00	9.570312e-02	
355	-1.385742e+00	1.040039e-01	
356	-1.372314e+00	9.716797e-02	
357	-1.368164e+00	8.325195e-02	
358	-1.382080e+00	8.642578e-02	
359	-1.363525e+00	8.984375e-02	
360	-1.370117e+00	8.142090e-02	
361	-1.351562e+00	8.593750e-02	
362	-1.365723e+00	9.069824e-02	
363	-1.372803e+00	8.361816e-02	
364	-1.359375e+00	8.435059e-02	
365	-1.359131e+00	8.630371e-02	
366	-1.378662e+00	8.886719e-02	
367	-1.347412e+00	8.569336e-02	
368	-1.332764e+00	8.959961e-02	
369	-1.334229e+00	9.851074e-02	
370	-1.340576e+00	9.985352e-02	
371	-1.352783e+00	9.741211e-02	
372	-1.368408e+00	9.643555e-02	
373	-1.371826e+00	1.015625e-01	
374	-1.391602e+00	1.081543e-01	
375	-1.359375e+00	9.020996e-02	
376	-1.362061e+00	9.521484e-02	
377	-1.368896e+00	7.653809e-02	
378	-1.358887e+00	6.103516e-02	
379	-1.375732e+00	6.787109e-02	
380	-1.371826e+00	5.883789e-02	
381	-1.360107e+00	5.688477e-02	
382	-1.390869e+00	5.432129e-02	
383	-1.388916e+00	3.601074e-02	
384	-1.382324e+00	3.979492e-02	
385	-1.385742e+00	4.345703e-02	
386	-1.366455e+00	5.029297e-02	
387	-1.368408e+00	3.723145e-02	
388	-1.381592e+00	4.345703e-02	
389	-1.355225e+00	4.101562e-02	
390	-1.377930e+00	4.028320e-02	
391	-1.338379e+00	3.894043e-02	
392	-1.334473e+00	3.796387e-02	
393	-1.378662e+00	2.343750e-02	
394	-1.347412e+00	1.806641e-02	
395	-1.337402e+00	7.080078e-03	
396	-1.333252e+00	-2.563477e-03	
397	-1.317871e+00	-3.295898e-03	
398	-1.319580e+00	1.184082e-02	
399	-1.337402e+00	2.880859e-02	
400	-1.353516e+00	3.454590e-02	
401	-1.368408e+00	2.001953e-02	
402	-1.368408e+00	1.403809e-02	
403	-1.351562e+00	9.643555e-03	
404	-1.342285e+00	1.940918e-02	
405	-1.350342e+00	2.368164e-02	
406	-1.350098e+00	2.868652e-02	
407	-1.363525e+00	3.405762e-02	
408	-1.371338e+00	2.990723e-02	
409	-1.352539e+00	3.137207e-02	
410	-1.369141e+00	1.831055e-02	
411	-1.369385e+00	1.745605e-02	
412	-1.376709e+00	2.111816e-02	
413	-1.361572e+00	6.103516e-03	
414	-1.363770e+00	9.155273e-03	
415	-1.357178e+00	6.103516e-03	
416	-1.374268e+00	7.934570e-03	
417	-1.352295e+00	1.208496e-02	
418	-1.367920e+00	3.295898e-03	
419	-1.372070e+00	1.586914e-03	
420	-1.368408e+00	-2.929688e-03	
421	-1.359619e+00	7.202148e-03	
422	-1.357666e+00	1.464844e-03	
423	-1.358643e+00	1.098633e-03	
424	-1.376709e+00	3.417969e-03	
425	-1.376465e+00	5.981445e-03	
426	-1.383057e+00	6.225586e-03	
427	-1.370361e+00	-3.295898e-03	
428	-1.368652e+00	5.371094e-03	
429	-1.383301e+00	5.981445e-03	
430	-1.395752e+00	7.690430e-03	
431	-1.374023e+00	9.643555e-03	
432	-1.380371e+00	1.123047e-02	
433	-1.406982e+00	1.330566e-02	
434	-1.403564e+00	4.150391e-03	
435	-1.393066e+00	7.934570e-03	
436	-1.411621e+00	6.835938e-03	
437	-1.403564e+00	3.051758e-03	
438	-1.386963e+00	1.599121e-02	
439	-1.380127e+00	2.294922e-02	
440	-1.388184e+00	2.026367e-02	
441	-1.395752e+00	6.469727e-03	
442	-1.378662e+00	6.225586e-03	
443	-1.366943e+00	1.831055e-03	
444	-1.363037e+00	1.000977e-02	
445	-1.381592e+00	1.074219e-02	
446	-1.353271e+00	1.171875e-02	
447	-1.380371e+00	9.521484e-03	
448	-1.381104e+00	1.928711e-02	
449	-1.360596e+00	2.514648e-02	
450	-1.351074e+00	4.016113e-02	
451	-1.397705e+00	3.405762e-02	
452	-1.372559e+00	3.625488e-02	
453	-1.390381e+00	2.502441e-02	
454	-1.377930e+00	2.893066e-02	
455	-1.398682e+00	1.892090e-02	
456	-1.394531e+00	6.591797e-03	
457	-1.389160e+00	7.568359e-03	
458	-1.395996e+00	-1.428223e-02	
459	-1.407959e+00	-1.062012e-02	
460	-1.409180e+00	-8.056641e-03	
461	-1.379639e+00	7.568359e-03	
462	-1.390137e+00	1.342773e-02	
463	-1.385254e+00	1.428223e-02	
464	-1.385742e+00	-3.540039e-03	
465	-1.369385e+00	1.220703e-02	
466	-1.360352e+00	1.916504e-02	
467	-1.362549e+00	1.867676e-02	
468	-1.365967e+00	2.600098e-02	
469	-1.363037e+00	2.441406e-02	
470	-1.364014e+00	2.575684e-02	
471	-1.348145e+00	2.148438e-02	
472	-1.335693e+00	1.647949e-02	
473	-1.326416e+00	1.611328e-02	
474	-1.320312e+00	1.123047e-02	
475	-1.337646e+00	1.745605e-02	
476	-1.352539e+00	1.611328e-02	
477	-1.363525e+00	1.611328e-02	
478	-1.358398e+00	6.835938e-03	
479	-1.364014e+00	7.202148e-03	
480	-1.364990e+00	6.591797e-03	
481	-1.375000e+00	4.272461e-03	
482	-1.376709e+00	8.300781e-03	
483	-1.370605e+00	1.562500e-02	
484	-1.370605e+00	9.399414e-03	
485	-1.376709e+00	4.150391e-03	
486	-1.377197e+00	1.464844e-03	
487	-1.368652e+00	1.135254e-02	
488	-1.369385e+00	1.708984e-03	
489	-1.377197e+00	4.638672e-03	
490	-1.348389e+00	2.258301e-02	
491	-1.374023e+00	2.294922e-02	
492	-1.350586e+00	1.184082e-02	
493	-1.351318e+00	5.371094e-03	
494	-1.366699e+00	9.643555e-03	
495	-1.360840e+00	1.159668e-02	
496	-1.343506e+00	7.324219e-04	
497	-1.356934e+00	2.563477e-03	
498	-1.351318e+00	-5.004883e-03	
499	-1.363525e+00	-9.887695e-03	
500	-1.346191e+00	-2.600098e-02	
501	-1.343506e+00	-2.526855e-02	
502	-1.326172e+00	-2.648926e-02	
503	-1.346924e+00	-2.416992e-02	
504	-1.376221e+00	-3.027344e-02	
505	-1.354248e+00	-2.368164e-02	
506	-1.355957e+00	-1.281738e-02	
507	-1.345459e+00	-2.307129e-02	
508	-1.361328e+00	-2.502441e-02	
509	-1.385498e+00	-2.075195e-02	
510	-1.390381e+00	-1.684570e-02	
511	-1.381348e+00	-8.789062e-03	
512	-1.384521e+00	-1.538086e-02	
513	-1.374023e+00	-2.795410e-02	
514	-1.390137e+00	-4.052734e-02	
515	-1.385742e+00	-3.808594e-02	
516	-1.388916e+00	-4.809570e-02	
517	-1.383789e+00	-5.603027e-02	
518	-1.355713e+00	-4.309082e-02	
519	-1.357910e+00	-4.345703e-02	
520	-1.342041e+00	-3.991699e-02	
521	-1.349121e+00	-2.575684e-02	
522	-1.357666e+00	-3.271484e-02	
523	-1.377197e+00	-2.526855e-02	
524	-1.387207e+00	-1.293945e-02	
525	-1.368652e+00	-1.770020e-02	
526	-1.385010e+00	-2.294922e-02	
527	-1.381348e+00	-2.722168e-02	
528	-1.377930e+00	-4.077148e-02	
529	-1.369141e+00	-3.906250e-02	
530	-1.375244e+00	-3.637695e-02	
531	-1.373535e+00	-3.845215e-02	
532	-1.395264e+00	-3.283691e-02	
533	-1.390625e+00	-2.355957e-02	
534	-1.374756e+00	-1.831055e-02	
535	-1.402344e+00	-2.770996e-02	
536	-1.372559e+00	-2.404785e-02	
537	-1.370117e+00	-2.111816e-02	
538	-1.365234e+00	-8.056641e-03	
539	-1.357666e+00	-1.281738e-02	
540	-1.357910e+00	-2.185059e-02	
541	-1.365723e+00	-1.977539e-02	
542	-1.350098e+00	-2.905273e-02	
543	-1.382080e+00	-5.090332e-02	
544	-1.378418e+00	-5.029297e-02	
545	-1.400879e+00	-3.942871e-02	
546	-1.386475e+00	-3.295898e-02	
547	-1.390625e+00	-3.930664e-02	
548	-1.391846e+00	-4.736328e-02	
549	-1.370117e+00	-5.395508e-02	
550	-1.351562e+00	-5.810547e-02	
551	-1.371582e+00	-4.577637e-02	
552	-1.383789e+00	-4.357910e-02	
553	-1.365723e+00	-5.456543e-02	
554	-1.391846e+00	-6.152344e-02	
555	-1.367920e+00	-6.250000e-02	
556	-1.352783e+00	-5.456543e-02	
557	-1.380859e+00	-6.250000e-02	
558	-1.384033e+00	-6.616211e-02	
559	-1.401367e+00	-6.115723e-02	
560	-1.380371e+00	-5.798340e-02	
561	-1.375488e+00	-5.969238e-02	
562	-1.372559e+00	-5.725098e-02	
563	-1.363037e+00	-7.238770e-02	
564	-1.350098e+00	-6.970215e-02	
565	-1.352051e+00	-7.800293e-02	
566	-1.362305e+00	-8.374023e-02	
567	-1.365967e+00	-9.265137e-02	
568	-1.362061e+00	-9.912109e-02	
569	-1.368896e+00	-8.984375e-02	
570	-1.379395e+00	-8.142090e-02	
571	-1.387939e+00	-7.141113e-02	
572	-1.377197e+00	-6.921387e-02	
573	-1.377197e+00	-7.519531e-02	
574	-1.358643e+00	-9.082031e-02	
575	-1.351074e+00	-9.509277e-02	
576	-1.360352e+00	-9.521484e-02	
577	-1.360596e+00	-9.741211e-02	
578	-1.366211e+00	-1.055908e-01	
579	-1.393066e+00	-1.054688e-01	
580	-1.388672e+00	-1.060791e-01	
581	-1.372070e+00	-1.058350e-01	
582	-1.362793e+00	-1.062012e-01	
583	-1.378662e+00	-1.115723e-01	
584	-1.355957e+00	-9.802246e-02	
585	-1.384521e+00	-9.558105e-02	
586	-1.361084e+00	-9.790039e-02	
587	-1.367920e+00	-9.973145e-02	
588	-1.371826e+00	-1.058350e-01	
589	-1.363770e+00	-1.181641e-01	
590	-1.366699e+00	-9.326172e-02	
591	-1.386963e+00	-9.228516e-02	
592	-1.390381e+00	-1.035156e-01	
593	-1.380371e+00	-1.079102e-01	
594	-1.379395e+00	-1.008301e-01	
595	-1.384033e+00	-8.947754e-02	
596	-1.399658e+00	-9.045410e-02	
597	-1.392822e+00	-8.459473e-02	
598	-1.393555e+00	-8.959961e-02	
599	-1.360596e+00	-8.178711e-02	
600	-1.349365e+00	-9.545898e-02	
601	-1.347900e+00	-9.985352e-02	
602	-1.346436e+00	-1.096191e-01	
603	-1.354004e+00	-9.472656e-02	
604	-1.368408e+00	-9.265137e-02	
605	-1.366699e+00	-9.643555e-02	
606	-1.362305e+00	-1.026611e-01	
607	-1.365723e+00	-1.005859e-01	
608	-1.375488e+00	-1.040039e-01	
609	-1.382324e+00	-1.119385e-01	
610	-1.353760e+00	-1.065674e-01	
611	-1.346191e+00	-1.021729e-01	
612	-1.355225e+00	-1.171875e-01	
613	-1.323975e+00	-1.101074e-01	
614	-1.347412e+00	-1.181641e-01	
615	-1.337402e+00	-1.188965e-01	
616	-1.346680e+00	-1.080322e-01	
617	-1.363770e+00	-9.057617e-02	
618	-1.340332e+00	-8.032227e-02	
619	-1.365723e+00	-7.958984e-02	
620	-1.360352e+00	-8.239746e-02	
621	-1.342773e+00	-9.350586e-02	
622	-1.348633e+00	-9.020996e-02	
623	-1.347900e+00	-9.143066e-02	
624	-1.361816e+00	-1.069336e-01	
625	-1.360107e+00	-1.043701e-01	
626	-1.351318e+00	-1.090088e-01	
627	-1.351807e+00	-1.142578e-01	
628	-1.355469e+00	-1.182861e-01	
629	-1.383301e+00	-1.032715e-01	
630	-1.375488e+00	-1.036377e-01	
631	-1.359619e+00	-1.018066e-01	
632	-1.360596e+00	-9.997559e-02	
633	-1.359863e+00	-9.631348e-02	
634	-1.348145e+00	-9.924316e-02	
635	-1.352783e+00	-1.007080e-01	
636	-1.365967e+00	-1.022949e-01	
637	-1.342529e+00	-1.103516e-01	
638	-1.354248e+00	-1.020508e-01	
639	-1.365479e+00	-1.003418e-01	
640	-1.350098e+00	-1.026611e-01	
641	-1.326904e+00	-9.851074e-02	
642	-1.335693e+00	-9.606934e-02	
643	-1.316650e+00	-9.497070e-02	
644	-1.308350e+00	-9.313965e-02	
645	-1.328369e+00	-9.472656e-02	
646	-1.350342e+00	-8.801270e-02	
647	-1.334961e+00	-1.009521e-01	
648	-1.342285e+00	-1.075439e-01	
649	-1.325928e+00	-9.619141e-02	
650	-1.329346e+00	-9.326172e-02	
651	-1.337158e+00	-8.374023e-02	
652	-1.344238e+00	-9.436035e-02	
653	-1.344482e+00	-8.105469e-02	
654	-1.361572e+00	-7.617188e-02	
655	-1.348877e+00	-5.590820e-02	
656	-1.351074e+00	-6.152344e-02	
657	-1.364258e+00	-5.908203e-02	
658	-1.369629e+00	-6.530762e-02	
659	-1.378418e+00	-5.651855e-02	
660	-1.375732e+00	-4.541016e-02	
661	-1.357910e+00	-4.321289e-02	
662	-1.346436e+00	-5.700684e-02	
663	-1.334717e+00	-3.967285e-02	
664	-1.344482e+00	-6.188965e-02	
665	-1.340332e+00	-6.481934e-02	
666	-1.367920e+00	-4.919434e-02	
667	-1.366455e+00	-5.114746e-02	
668	-1.364502e+00	-3.735352e-02	
669	-1.378662e+00	-4.382324e-02	
670	-1.383301e+00	-4.016113e-02	
671	-1.369141e+00	-4.516602e-02	
672	-1.384521e+00	-5.456543e-02	
673	-1.403564e+00	-6.542969e-02	
674	-1.406982e+00	-8.752441e-02	
675	-1.388916e+00	-9.765625e-02	
676	-1.383789e+00	-9.863281e-02	
677	-1.365723e+00	-9.020996e-02	
678	-1.358398e+00	-8.215332e-02	
679	-1.372559e+00	-8.581543e-02	
680	-1.365967e+00	-8.703613e-02	
681	-1.328125e+00	-8.032227e-02	
682	-1.341553e+00	-7.409668e-02	
683	-1.336426e+00	-7.385254e-02	
684	-1.323730e+00	-6.127930e-02	
685	-1.311279e+00	-4.907227e-02	
686	-1.344727e+00	-3.186035e-02	
687	-1.322754e+00	-3.430176e-02	
688	-1.338135e+00	-5.175781e-02	
689	-1.327637e+00	-5.334473e-02	
690	-1.333252e+00	-4.968262e-02	
691	-1.331299e+00	-5.407715e-02	
692	-1.322998e+00	-4.956055e-02	
693	-1.353271e+00	-4.711914e-02	
694	-1.341797e+00	-4.907227e-02	
695	-1.351562e+00	-5.310059e-02	
696	-1.329834e+00	-3.942871e-02	
697	-1.338623e+00	-5.017090e-02	
698	-1.383545e+00	-5.554199e-02	
699	-1.375000e+00	-6.213379e-02	
700	-1.361572e+00	-5.639648e-02	
701	-1.358887e+00	-5.786133e-02	
702	-1.331055e+00	-6.286621e-02	
703	-1.372314e+00	-7.275391e-02	
704	-1.364990e+00	-7.397461e-02	
705	-1.361084e+00	-8.874512e-02	
706	-1.364502e+00	-9.765625e-02	
707	-1.366699e+00	-9.484863e-02	
708	-1.354736e+00	-9.179688e-02	
709	-1.365723e+00	-8.300781e-02	
710	-1.355957e+00	-7.006836e-02	
711	-1.370605e+00	-7.287598e-02	
712	-1.375000e+00	-7.922363e-02	
713	-1.405029e+00	-9.338379e-02	
714	-1.391357e+00	-6.787109e-02	
715	-1.374268e+00	-6.555176e-02	
716	-1.386230e+00	-7.702637e-02	
717	-1.364990e+00	-6.469727e-02	
718	-1.374023e+00	-6.127930e-02	
719	-1.360840e+00	-6.237793e-02	
720	-1.361572e+00	-6.042480e-02	
721	-1.369141e+00	-5.859375e-02	
722	-1.406982e+00	-5.981445e-02	
723	-1.392822e+00	-3.393555e-02	
724	-1.391602e+00	-3.149414e-02	
725	-1.380371e+00	-3.125000e-02	
726	-1.394531e+00	-2.648926e-02	
727	-1.381592e+00	-4.052734e-02	
728	-1.364746e+00	-3.369141e-02	
729	-1.368408e+00	-3.063965e-02	
730	-1.372559e+00	-3.405762e-02	
731	-1.386230e+00	-2.185059e-02	
732	-1.368164e+00	-3.063965e-02	
733	-1.359863e+00	-2.551270e-02	
734	-1.383545e+00	-1.269531e-02	
735	-1.379395e+00	-4.272461e-03	
736	-1.400879e+00	7.690430e-03	
737	-1.401611e+00	2.026367e-02	
738	-1.385742e+00	1.062012e-02	
739	-1.386230e+00	1.904297e-02	
740	-1.347412e+00	1.745605e-02	
741	-1.348877e+00	2.416992e-02	
742	-1.368652e+00	3.173828e-02	
743	-1.384766e+00	2.978516e-02	
744	-1.384277e+00	2.807617e-02	
745	-1.374023e+00	3.332520e-02	
746	-1.393311e+00	4.040527e-02	
747	-1.376221e+00	3.674316e-02	
748	-1.381104e+00	3.308105e-02	
749	-1.370605e+00	2.697754e-02	
750	-1.364746e+00	2.209473e-02	
751	-1.365234e+00	2.917480e-02	
752	-1.356934e+00	4.455566e-02	
753	-1.354004e+00	3.320312e-02	
754	-1.333984e+00	3.088379e-02	
755	-1.350342e+00	1.586914e-02	
756	-1.331299e+00	3.137207e-02	
757	-1.355469e+00	2.136230e-02	
758	-1.354736e+00	2.563477e-02	
759	-1.344971e+00	3.515625e-02	
760	-1.351074e+00	4.577637e-02	
761	-1.346924e+00	3.161621e-02	
762	-1.351074e+00	3.808594e-02	
763	-1.349609e+00	3.588867e-02	
764	-1.328125e+00	3.881836e-02	
765	-1.339111e+00	5.603027e-02	
766	-1.321045e+00	5.566406e-02	
767	-1.356445e+00	4.467773e-02	
768	-1.360596e+00	2.917480e-02	
769	-1.366211e+00	1.464844e-02	
770	-1.384033e+00	1.037598e-02	
771	-1.373291e+00	3.540039e-03	
772	-1.375244e+00	3.295898e-03	
773	-1.369629e+00	8.544922e-03	
774	-1.368164e+00	1.208496e-02	
775	-1.364014e+00	2.734375e-02	
776	-1.365723e+00	2.270508e-02	
777	-1.350586e+00	3.125000e-02	
778	-1.369873e+00	3.027344e-02	
779	-1.371826e+00	2.917480e-02	
780	-1.374512e+00	2.770996e-02	
781	-1.376709e+00	1.782227e-02	
782	-1.381836e+00	1.940918e-02	
783	-1.373047e+00	1.379395e-02	
784	-1.382812e+00	2.416992e-02	
785	-1.372803e+00	3.369141e-02	
786	-1.374756e+00	3.234863e-02	
787	-1.384521e+00	3.576660e-02	
788	-1.402344e+00	3.771973e-02	
789	-1.389160e+00	2.478027e-02	
790	-1.387207e+00	1.953125e-02	
791	-1.373291e+00	6.958008e-03	
792	-1.380615e+00	1.098633e-02	
793	-1.365967e+00	1.708984e-02	
794	-1.393066e+00	2.612305e-02	
795	-1.382812e+00	2.160645e-02	
796	-1.382080e+00	2.331543e-02	
797	-1.407715e+00	2.709961e-02	
798	-1.384766e+00	3.808594e-02	
799	-1.380615e+00	3.857422e-02	
800	-1.358398e+00	2.990723e-02	
801	-1.384033e+00	3.271484e-02	
802	-1.376221e+00	3.527832e-02	
803	-1.361816e+00	2.734375e-02	
804	-1.353271e+00	2.490234e-02	
805	-1.357910e+00	2.111816e-02	
806	-1.353027e+00	2.722168e-02	
807	-1.343262e+00	2.917480e-02	
808	-1.331055e+00	2.539062e-02	
809	-1.343750e+00	2.832031e-02	
810	-1.354248e+00	3.625488e-02	
811	-1.354248e+00	3.930664e-02	
812	-1.354492e+00	3.894043e-02	
813	-1.334473e+00	2.978516e-02	
814	-1.357178e+00	2.966309e-02	
815	-1.353516e+00	1.770020e-02	
816	-1.357178e+00	1.916504e-02	
817	-1.348877e+00	1.330566e-02	
818	-1.337158e+00	2.563477e-03	
819	-1.339111e+00	5.615234e-03	
820	-1.341553e+00	5.249023e-03	
821	-1.352539e+00	1.049805e-02	
822	-1.364258e+00	-6.347656e-03	
823	-1.353760e+00	-8.300781e-03	
824	-1.364502e+00	1.049805e-02	
825	-1.368896e+00	9.765625e-03	
826	-1.366699e+00	2.563477e-02	
827	-1.357422e+00	2.404785e-02	
828	-1.346924e+00	2.441406e-02	
829	-1.373535e+00	3.332520e-02	
830	-1.381592e+00	2.343750e-02	
831	-1.367432e+00	1.965332e-02	
832	-1.367676e+00	3.088379e-02	
833	-1.367676e+00	2.478027e-02	
834	-1.383057e+00	3.454590e-02	
835	-1.371338e+00	3.100586e-02	
836	-1.367188e+00	2.465820e-02	
837	-1.373779e+00	2.563477e-02	
838	-1.370361e+00	1.379395e-02	
839	-1.357422e+00	1.391602e-02	
840	-1.365234e+00	1.672363e-02	
841	-1.367188e+00	1.806641e-02	
842	-1.358643e+00	2.282715e-02	
843	-1.354004e+00	2.612305e-02	
844	-1.351807e+00	1.953125e-02	
845	-1.364258e+00	1.855469e-02	
846	-1.352783e+00	1.220703e-04	
847	-1.354736e+00	1.525879e-02	
848	-1.356201e+00	7.202148e-03	
849	-1.383301e+00	7.324219e-03	
850	-1.396484e+00	2.026367e-02	
851	-1.378906e+00	1.159668e-02	
852	-1.371094e+00	1.391602e-02	
853	-1.381592e+00	1.232910e-02	
854	-1.375000e+00	3.540039e-03	
855	-1.376465e+00	2.197266e-03	
856	-1.368408e+00	-3.295898e-03	
857	-1.382812e+00	-7.202148e-03	
858	-1.357178e+00	-1.330566e-02	
859	-1.362305e+00	-1.293945e-02	
860	-1.352783e+00	-1.342773e-02	
861	-1.348389e+00	-1.599121e-02	
862	-1.360596e+00	-1.318359e-02	
863	-1.353760e+00	-2.880859e-02	
864	-1.386475e+00	-3.576660e-02	
865	-1.395752e+00	-2.966309e-02	
866	-1.385742e+00	-1.940918e-02	
867	-1.371826e+00	-1.684570e-02	
868	-1.352295e+00	-1.806641e-02	
869	-1.380859e+00	-3.417969e-02	
870	-1.372559e+00	-5.249023e-02	
871	-1.371826e+00	-6.018066e-02	
872	-1.356934e+00	-5.712891e-02	
873	-1.374023e+00	-5.651855e-02	
874	-1.369873e+00	-6.091309e-02	
875	-1.372314e+00	-6.042480e-02	
876	-1.377930e+00	-6.262207e-02	
877	-1.355957e+00	-6.323242e-02	
878	-1.371094e+00	-3.979492e-02	
879	-1.374756e+00	-4.406738e-02	
880	-1.348633e+00	-4.101562e-02	
881	-1.370361e+00	-3.039551e-02	
882	-1.362793e+00	-3.125000e-02	
883	-1.356689e+00	-3.100586e-02	
884	-1.371582e+00	-2.233887e-02	
885	-1.386475e+00	-1.586914e-02	
886	-1.393066e+00	-2.099609e-02	
887	-1.413818e+00	-2.209473e-02	
888	-1.398926e+00	-2.661133e-02	
889	-1.369141e+00	-2.722168e-02	
890	-1.380615e+00	-3.271484e-02	
891	-1.357910e+00	-3.332520e-02	
892	-1.363770e+00	-3.601074e-02	
893	-1.398438e+00	-2.746582e-02	
894	-1.391357e+00	-4.992676e-02	
895	-1.390625e+00	-5.737305e-02	
896	-1.367920e+00	-4.895020e-02	
897	-1.367920e+00	-4.565430e-02	
898	-1.362549e+00	-4.016113e-02	
899	-1.375244e+00	-4.162598e-02	
900	-1.365723e+00	-3.149414e-02	
901	-1.361328e+00	-3.149414e-02	
902	-1.381836e+00	-3.063965e-02	
903	-1.346680e+00	-3.186035e-02	
904	-1.370117e+00	-4.895020e-02	
905	-1.368164e+00	-4.980469e-02	
906	-1.364990e+00	-4.406738e-02	
907	-1.364746e+00	-4.711914e-02	
908	-1.352783e+00	-4.699707e-02	
909	-1.374512e+00	-5.078125e-02	
910	-1.368896e+00	-5.676270e-02	
911	-1.348877e+00	-6.103516e-02	
912	-1.342773e+00	-6.079102e-02	
913	-1.339844e+00	-6.237793e-02	
914	-1.328125e+00	-5.627441e-02	
915	-1.343994e+00	-6.420898e-02	
916	-1.368652e+00	-7.739258e-02	
917	-1.349121e+00	-6.433105e-02	
918	-1.359131e+00	-6.835938e-02	
919	-1.359619e+00	-6.652832e-02	
920	-1.350830e+00	-7.312012e-02	
921	-1.351807e+00	-6.823730e-02	
922	-1.345703e+00	-7.556152e-02	
923	-1.369385e+00	-5.480957e-02	
924	-1.378906e+00	-6.567383e-02	
925	-1.381836e+00	-6.640625e-02	
926	-1.380127e+00	-6.091309e-02	
927	-1.386963e+00	-5.908203e-02	
928	-1.386475e+00	-6.494141e-02	
929	-1.402588e+00	-6.506348e-02	
930	-1.385010e+00	-6.994629e-02	
931	-1.391846e+00	-7.971191e-02	
932	-1.385498e+00	-8.581543e-02	
933	-1.390381e+00	-9.216309e-02	
934	-1.375732e+00	-7.702637e-02	
935	-1.368652e+00	-6.896973e-02	
936	-1.385254e+00	-6.726074e-02	
937	-1.376465e+00	-7.470703e-02	
938	-1.383301e+00	-8.850098e-02	
939	-1.396973e+00	-1.036377e-01	
940	-1.400635e+00	-1.027832e-01	
941	-1.410889e+00	-9.448242e-02	
942	-1.406006e+00	-8.898926e-02	
943	-1.394531e+00	-9.838867e-02	
944	-1.393555e+00	-1.087646e-01	
945	-1.369873e+00	-9.777832e-02	
946	-1.391602e+00	-8.728027e-02	
947	-1.379883e+00	-8.361816e-02	
948	-1.382324e+00	-7.458496e-02	
949	-1.386475e+00	-8.190918e-02	
950	-1.388672e+00	-8.654785e-02	
951	-1.383545e+00	-7.434082e-02	
952	-1.401123e+00	-7.434082e-02	
953	-1.376465e+00	-6.420898e-02	
954	-1.380859e+00	-6.872559e-02	
955	-1.374756e+00	-6.237793e-02	
956	-1.370850e+00	-5.114746e-02	
957	-1.379395e+00	-5.639648e-02	
958	-1.359375e+00	-6.115723e-02	
959	-1.363770e+00	-7.153320e-02	
960	-1.366455e+00	-5.664062e-02	
961	-1.368652e+00	-6.604004e-02	
962	-1.374268e+00	-6.225586e-02	
963	-1.374512e+00	-6.701660e-02	
964	-1.388916e+00	-7.067871e-02	
965	-1.420410e+00	-6.115723e-02	
966	-1.396484e+00	-4.858398e-02	
967	-1.383789e+00	-6.396484e-02	
968	-1.403564e+00	-6.579590e-02	
969	-1.377197e+00	-7.165527e-02	
970	-1.384766e+00	-6.005859e-02	
971	-1.361816e+00	-4.870605e-02	
972	-1.383301e+00	-5.004883e-02	
973	-1.391113e+00	-5.065918e-02	
974	-1.370117e+00	-5.554199e-02	
975	-1.385986e+00	-5.139160e-02	
976	-1.390869e+00	-4.614258e-02	
977	-1.402588e+00	-4.858398e-02	
978	-1.384521e+00	-3.942871e-02	
979	-1.357666e+00	-4.113770e-02	
980	-1.361572e+00	-5.932617e-02	
981	-1.389648e+00	-5.261230e-02	
982	-1.367676e+00	-5.212402e-02	
983	-1.353516e+00	-4.931641e-02	
984	-1.371338e+00	-4.565430e-02	
985	-1.369873e+00	-5.041504e-02	
986	-1.368408e+00	-4.785156e-02	
987	-1.379150e+00	-6.286621e-02	
988	-1.369385e+00	-5.957031e-02	
989	-1.373291e+00	-4.418945e-02	
990	-1.387695e+00	-4.504395e-02	
991	-1.357666e+00	-3.747559e-02	
992	-1.372803e+00	-3.771973e-02	
993	-1.372559e+00	-3.320312e-02	
994	-1.380371e+00	-3.125000e-02	
995	-1.384033e+00	-3.454590e-02	
996	-1.397217e+00	-4.870605e-02	
997	-1.413330e+00	-4.687500e-02	
998	-1.384277e+00	-5.212402e-02	
999	-1.378662e+00	-5.456543e-02	
1000	-1.376953e+00	-5.737305e-02	
1001	-1.380127e+00	-5.786133e-02	
1002	-1.366455e+00	-4.809570e-02	
1003	-1.386719e+00	-4.199219e-02	
1004	-1.409668e+00	-4.553223e-02	
1005	-1.389648e+00	-4.125977e-02	
1006	-1.385010e+00	-4.174805e-02	
1007	-1.367920e+00	-3.637695e-02	
1008	-1.382080e+00	-3.210449e-02	
1009	-1.368408e+00	-3.845215e-02	
1010	-1.368164e+00	-4.772949e-02	
1011	-1.379883e+00	-4.907227e-02	
1012	-1.374268e+00	-4.882812e-02	
1013	-1.365967e+00	-4.467773e-02	
1014	-1.380371e+00	-5.200195e-02	
1015	-1.371338e+00	-4.052734e-02	
1016	-1.385986e+00	-4.077148e-02	
1017	-1.385986e+00	-3.759766e-02	
1018	-1.379395e+00	-3.320312e-02	
1019	-1.405029e+00	-3.723145e-02	
1020	-1.362793e+00	-3.857422e-02	
1021	-1.389160e+00	-4.589844e-02	
1022	-1.407227e+00	-5.029297e-02	
1023	-1.401123e+00	-5.676270e-02	
1024	-1.378662e+00	-4.895020e-02	
1025	-1.381348e+00	-4.260254e-02	
1026	-1.362793e+00	-4.638672e-02	
1027	-1.356445e+00	-6.103516e-02	
1028	-1.383789e+00	-6.616211e-02	
1029	-1.396973e+00	-7.153320e-02	
1030	-1.392090e+00	-5.554199e-02	
1031	-1.385254e+00	-5.688477e-02	
1032	-1.378174e+00	-6.091309e-02	
1033	-1.388672e+00	-6.396484e-02	
1034	-1.379639e+00	-6.030273e-02	
1035	-1.373291e+00	-6.640625e-02	
1036	-1.363037e+00	-6.274414e-02	
1037	-1.387207e+00	-6.152344e-02	
1038	-1.391113e+00	-5.065918e-02	
1039	-1.395752e+00	-2.551270e-02	
1040	-1.400146e+00	-2.380371e-02	
1041	-1.374512e+00	-3.198242e-02	
1042	-1.372803e+00	-3.247070e-02	
1043	-1.367676e+00	-3.491211e-02	
1044	-1.350586e+00	-3.076172e-02	
1045	-1.356934e+00	-5.053711e-02	
1046	-1.365479e+00	-5.224609e-02	
1047	-1.368408e+00	-5.151367e-02	
1048	-1.373291e+00	-5.957031e-02	
1049	-1.396729e+00	-5.285645e-02	
1050	-1.393066e+00	-5.371094e-02	
1051	-1.388916e+00	-4.980469e-02	
1052	-1.396729e+00	-3.942871e-02	
1053	-1.367432e+00	-2.966309e-02	
1054	-1.379639e+00	-3.222656e-02	
1055	-1.392578e+00	-3.479004e-02	
1056	-1.382812e+00	-3.112793e-02	
1057	-1.367676e+00	-4.260254e-02	
1058	-1.378418e+00	-5.053711e-02	
1059	-1.351318e+00	-5.200195e-02	
1060	-1.375977e+00	-5.578613e-02	
1061	-1.355469e+00	-5.139160e-02	
1062	-1.353760e+00	-6.274414e-02	
1063	-1.377686e+00	-5.554199e-02	
1064	-1.354492e+00	-5.187988e-02	
1065	-1.379150e+00	-5.053711e-02	
1066	-1.385742e+00	-4.504395e-02	
1067	-1.390381e+00	-4.223633e-02	
1068	-1.394775e+00	-4.846191e-02	
1069	-1.401611e+00	-5.346680e-02	
1070	-1.398193e+00	-5.249023e-02	
1071	-1.381104e+00	-5.163574e-02	
1072	-1.383301e+00	-4.821777e-02	
1073	-1.364258e+00	-6.311035e-02	
1074	-1.386475e+00	-6.982422e-02	
1075	-1.385742e+00	-6.933594e-02	
1076	-1.383301e+00	-8.715820e-02	
1077	-1.373047e+00	-7.434082e-02	
1078	-1.386719e+00	-7.861328e-02	
1079	-1.380371e+00	-6.433105e-02	
1080	-1.355225e+00	-6.457520e-02	
1081	-1.361084e+00	-6.140137e-02	
1082	-1.367188e+00	-7.238770e-02	
1083	-1.364014e+00	-8.105469e-02	
1084	-1.341797e+00	-8.215332e-02	
1085	-1.345947e+00	-8.325195e-02	
1086	-1.359131e+00	-7.116699e-02	
1087	-1.369141e+00	-7.714844e-02	
1088	-1.347656e+00	-7.006836e-02	
1089	-1.345215e+00	-6.835938e-02	
1090	-1.364990e+00	-6.176758e-02	
1091	-1.375244e+00	-6.921387e-02	
1092	-1.386963e+00	-7.946777e-02	
1093	-1.364990e+00	-8.850098e-02	
1094	-1.378662e+00	-9.680176e-02	
1095	-1.365967e+00	-9.326172e-02	
1096	-1.369629e+00	-1.030273e-01	
1097	-1.330322e+00	-9.179688e-02	
1098	-1.361084e+00	-9.558105e-02	
1099	-1.360352e+00	-8.898926e-02	
1100	-1.349121e+00	-9.082031e-02	
1101	-1.333740e+00	-8.166504e-02	
1102	-1.352783e+00	-8.886719e-02	
1103	-1.370361e+00	-9.692383e-02	
1104	-1.343750e+00	-9.985352e-02	
1105	-1.333984e+00	-9.008789e-02	
1106	-1.337646e+00	-9.216309e-02	
1107	-1.360840e+00	-8.923340e-02	
1108	-1.351807e+00	-7.617188e-02	
1109	-1.370117e+00	-9.533691e-02	
1110	-1.377441e+00	-8.691406e-02	
1111	-1.382812e+00	-7.348633e-02	
1112	-1.394043e+00	-6.774902e-02	
1113	-1.376709e+00	-4.748535e-02	
1114	-1.357910e+00	-4.724121e-02	
1115	-1.358398e+00	-4.711914e-02	
1116	-1.368896e+00	-4.919434e-02	
1117	-1.330078e+00	-2.758789e-02	
1118	-1.337891e+00	-1.159668e-02	
1119	-1.350098e+00	3.906250e-03	
1120	-1.360352e+00	1.086426e-02	
1121	-1.354004e+00	6.958008e-03	
1122	-1.344482e+00	2.319336e-03	
1123	-1.341064e+00	-8.056641e-03	
1124	-1.325684e+00	-6.347656e-03	
1125	-1.337646e+00	-1.354980e-02	
1126	-1.334717e+00	-5.249023e-03	
1127	-1.376709e+00	-7.690430e-03	
1128	-1.355469e+00	-2.441406e-04	
1129	-1.364258e+00	-2.441406e-04	
1130	-1.364746e+00	-1.342773e-03	
1131	-1.350342e+00	1.196289e-02	
1132	-1.382812e+00	1.867676e-02	
1133	-1.375244e+00	2.160645e-02	
1134	-1.367188e+00	2.294922e-02	
1135	-1.353027e+00	2.001953e-02	
1136	-1.362793e+00	2.587891e-02	
1137	-1.365234e+00	2.722168e-02	
1138	-1.366211e+00	2.343750e-02	
1139	-1.363770e+00	1.782227e-02	
1140	-1.356934e+00	2.014160e-02	
1141	-1.329834e+00	1.818848e-02	
1142	-1.341553e+00	1.501465e-02	
1143	-1.370605e+00	7.080078e-03	
1144	-1.363770e+00	-4.150391e-03	
1145	-1.375000e+00	7.202148e-03	
1146	-1.363525e+00	2.685547e-03	
1147	-1.378174e+00	-2.685547e-03	
1148	-1.364990e+00	-9.643555e-03	
1149	-1.360596e+00	-1.269531e-02	
1150	-1.373779e+00	-2.148438e-02	
1151	-1.371338e+00	-7.446289e-03	
1152	-1.362793e+00	-1.513672e-02	
1153	-1.366699e+00	-8.666992e-03	
1154	-1.368164e+00	-1.965332e-02	
1155	-1.367188e+00	-1.013184e-02	
1156	-1.350830e+00	-2.172852e-02	
1157	-1.365967e+00	-1.074219e-02	
1158	-1.397949e+00	6.469727e-03	
1159	-1.382568e+00	3.295898e-03	
1160	-1.388184e+00	-3.540039e-03	
1161	-1.394287e+00	-5.126953e-03	
1162	-1.390869e+00	-3.784180e-03	
1163	-1.398193e+00	-5.371094e-03	
1164	-1.405273e+00	-6.591797e-03	
1165	-1.417725e+00	-4.394531e-03	
1166	-1.379395e+00	4.272461e-03	
1167	-1.409668e+00	4.272461e-03	
1168	-1.375977e+00	1.220703e-04	
1169	-1.381104e+00	-1.757812e-02	
1170	-1.384766e+00	-1.989746e-02	
1171	-1.412354e+00	-2.868652e-02	
1172	-1.407227e+00	-2.661133e-02	
1173	-1.401611e+00	-2.392578e-02	
1174	-1.399414e+00	-1.708984e-02	
1175	-1.406494e+00	-2.050781e-02	
1176	-1.397217e+00	-2.697754e-02	
1177	-1.403564e+00	-1.416016e-02	
1178	-1.420166e+00	-1.428223e-02	
1179	-1.384766e+00	-6.225586e-03	
1180	-1.402344e+00	-2.441406e-03	
1181	-1.374512e+00	8.789062e-03	
1182	-1.393799e+00	-3.662109e-03	
1183	-1.369873e+00	-6.225586e-03	
1184	-1.381836e+00	-1.318359e-02	
1185	-1.353516e+00	-2.246094e-02	
1186	-1.345703e+00	-1.818848e-02	
1187	-1.361084e+00	-2.612305e-02	
1188	-1.375977e+00	-2.319336e-02	
1189	-1.383789e+00	-2.209473e-02	
1190	-1.378174e+00	-2.990723e-02	
1191	-1.377930e+00	-2.783203e-02	
1192	-1.377686e+00	-3.894043e-02	
1193	-1.355713e+00	-4.541016e-02	
1194	-1.374268e+00	-4.748535e-02	
1195	-1.391602e+00	-5.993652e-02	
1196	-1.398193e+00	-6.616211e-02	
1197	-1.387451e+00	-7.177734e-02	
1198	-1.394043e+00	-6.213379e-02	
1199	-1.387451e+00	-5.871582e-02	
1200	-1.380615e+00	-7.910156e-02	
1201	-1.389648e+00	-8.459473e-02	
1202	-1.367188e+00	-8.312988e-02	
1203	-1.355713e+00	-8.276367e-02	
1204	-1.347412e+00	-8.068848e-02	
1205	-1.358154e+00	-7.360840e-02	
1206	-1.388916e+00	-5.883789e-02	
1207	-1.376465e+00	-5.908203e-02	
1208	-1.366455e+00	-5.749512e-02	
1209	-1.372070e+00	-5.395508e-02	
1210	-1.369873e+00	-6.152344e-02	
1211	-1.375488e+00	-5.444336e-02	
1212	-1.351562e+00	-4.431152e-02	
1213	-1.367432e+00	-4.638672e-02	
1214	-1.367920e+00	-5.102539e-02	
1215	-1.364502e+00	-4.577637e-02	
1216	-1.360840e+00	-4.028320e-02	
1217	-1.346924e+00	-3.979492e-02	
1218	-1.374756e+00	-3.344727e-02	
1219	-1.369873e+00	-2.038574e-02	
1220	-1.333252e+00	-2.673340e-02	
1221	-1.339355e+00	-3.723145e-02	
1222	-1.340332e+00	-4.357910e-02	
1223	-1.336914e+00	-4.150391e-02	
1224	-1.353760e+00	-3.686523e-02	
1225	-1.355469e+00	-3.540039e-02	
1226	-1.372070e+00	-3.417969e-02	
1227	-1.348633e+00	-4.211426e-02	
1228	-1.374023e+00	-3.076172e-02	
1229	-1.361084e+00	-3.430176e-02	
1230	-1.365967e+00	-3.234863e-02	
1231	-1.372559e+00	-2.404785e-02	
1232	-1.358887e+00	-3.125000e-02	
1233	-1.384277e+00	-4.504395e-02	
1234	-1.373291e+00	-5.102539e-02	
1235	-1.363770e+00	-5.834961e-02	
1236	-1.377197e+00	-5.419922e-02	
1237	-1.361816e+00	-5.639648e-02	
1238	-1.364014e+00	-6.176758e-02	
1239	-1.339355e+00	-6.445312e-02	
1240	-1.357422e+00	-6.494141e-02	
1241	-1.336182e+00	-7.153320e-02	
1242	-1.332520e+00	-7.080078e-02	
1243	-1.323975e+00	-6.237793e-02	
1244	-1.328125e+00	-7.092285e-02	
1245	-1.325684e+00	-6.604004e-02	
1246	-1.336426e+00	-7.885742e-02	
1247	-1.326416e+00	-8.911133e-02	
1248	-1.336670e+00	-9.350586e-02	
1249	-1.366699e+00	-9.570312e-02	
1250	-1.326904e+00	-1.069336e-01	
1251	-1.329102e+00	-9.826660e-02	
1252	-1.337158e+00	-1.110840e-01	
1253	-1.332520e+00	-9.826660e-02	
1254	-1.316162e+00	-1.016846e-01	
1255	-1.331055e+00	-1.053467e-01	
1256	-1.352783e+00	-1.104736e-01	
1257	-1.350098e+00	-1.057129e-01	
1258	-1.348145e+00	-9.313965e-02	
1259	-1.365967e+00	-1.010742e-01	
1260	-1.343994e+00	-1.070557e-01	
1261	-1.352295e+00	-9.082031e-02	
1262	-1.358398e+00	-9.313965e-02	
1263	-1.355713e+00	-1.030273e-01	
1264	-1.353760e+00	-1.038818e-01	
1265	-1.369141e+00	-1.014404e-01	
1266	-1.362549e+00	-1.025391e-01	
1267	-1.371582e+00	-9.704590e-02	
1268	-1.368164e+00	-9.582520e-02	
1269	-1.391357e+00	-9.790039e-02	
1270	-1.368164e+00	-9.863281e-02	
1271	-1.376953e+00	-8.972168e-02	
1272	-1.354492e+00	-1.047363e-01	
1273	-1.363525e+00	-1.035156e-01	
1274	-1.374023e+00	-1.010742e-01	
1275	-1.361328e+00	-1.064453e-01	
1276	-1.360840e+00	-1.164551e-01	
1277	-1.357422e+00	-9.533691e-02	
1278	-1.378906e+00	-9.497070e-02	
1279	-1.356201e+00	-1.015625e-01	
1280	-1.361572e+00	-9.228516e-02	
1281	-1.372803e+00	-9.753418e-02	
1282	-1.354980e+00	-9.692383e-02	
1283	-1.375000e+00	-8.630371e-02	
1284	-1.371094e+00	-9.277344e-02	
1285	-1.345215e+00	-8.642578e-02	
1286	-1.351807e+00	-1.019287e-01	
1287	-1.341797e+00	-8.862305e-02	
1288	-1.354980e+00	-8.459473e-02	
1289	-1.361572e+00	-1.000977e-01	
1290	-1.373535e+00	-1.025391e-01	
1291	-1.360840e+00	-9.497070e-02	
1292	-1.344238e+00	-7.873535e-02	
1293	-1.348145e+00	-8.068848e-02	
1294	-1.345459e+00	-8.190918e-02	
1295	-1.335693e+00	-8.508301e-02	
1296	-1.349121e+00	-8.996582e-02	
1297	-1.343262e+00	-9.069824e-02	
1298	-1.343994e+00	-8.557129e-02	
1299	-1.350586e+00	-7.861328e-02	
1300	-1.364990e+00	-7.775879e-02	
1301	-1.375732e+00	-9.582520e-02	
1302	-1.366455e+00	-9.484863e-02	
1303	-1.343994e+00	-8.703613e-02	
1304	-1.329590e+00	-9.753418e-02	
1305	-1.340576e+00	-9.680176e-02	
1306	-1.351562e+00	-8.654785e-02	
1307	-1.386963e+00	-9.362793e-02	
1308	-1.364990e+00	-9.716797e-02	
1309	-1.355225e+00	-9.814453e-02	
1310	-1.365479e+00	-1.020508e-01	
1311	-1.339844e+00	-1.048584e-01	
1312	-1.360840e+00	-1.025391e-01	
1313	-1.361816e+00	-1.087646e-01	
1314	-1.348145e+00	-9.936523e-02	
1315	-1.338623e+00	-9.338379e-02	
1316	-1.364502e+00	-8.923340e-02	
1317	-1.341553e+00	-1.014404e-01	
1318	-1.342285e+00	-1.049805e-01	
1319	-1.327393e+00	-9.729004e-02	
1320	-1.353760e+00	-1.027832e-01	
1321	-1.344482e+00	-1.163330e-01	
1322	-1.343994e+00	-1.232910e-01	
1323	-1.351318e+00	-1.041260e-01	
1324	-1.360107e+00	-1.064453e-01	
1325	-1.350098e+00	-9.179688e-02	
1326	-1.330078e+00	-8.618164e-02	
1327	-1.352539e+00	-8.947754e-02	
1328	-1.348389e+00	-9.020996e-02	
1329	-1.338623e+00	-8.447266e-02	
1330	-1.320068e+00	-8.020020e-02	
1331	-1.312744e+00	-8.020020e-02	
1332	-1.310059e+00	-6.616211e-02	
1333	-1.334961e+00	-5.114746e-02	
1334	-1.331299e+00	-5.651855e-02	
1335	-1.360107e+00	-6.030273e-02	
1336	-1.343262e+00	-5.957031e-02	
1337	-1.354004e+00	-7.287598e-02	
1338	-1.349854e+00	-7.409668e-02	
1339	-1.356445e+00	-7.263184e-02	
1340	-1.362061e+00	-6.677246e-02	
1341	-1.349121e+00	-6.311035e-02	
1342	-1.346436e+00	-6.652832e-02	
1343	-1.350586e+00	-6.799316e-02	
1344	-1.343750e+00	-7.055664e-02	
1345	-1.336426e+00	-7.141113e-02	
1346	-1.342285e+00	-6.884766e-02	
1347	-1.354492e+00	-6.091309e-02	
1348	-1.342529e+00	-7.641602e-02	
1349	-1.344727e+00	-7.092285e-02	
1350	-1.326660e+00	-6.884766e-02	
1351	-1.334473e+00	-7.910156e-02	
1352	-1.326172e+00	-7.446289e-02	
1353	-1.351562e+00	-7.922363e-02	
1354	-1.334961e+00	-8.972168e-02	
1355	-1.352539e+00	-8.459473e-02	
1356	-1.356445e+00	-7.507324e-02	
1357	-1.345215e+00	-7.385254e-02	
1358	-1.346436e+00	-6.677246e-02	
1359	-1.351807e+00	-7.739258e-02	
1360	-1.340576e+00	-8.129883e-02	
1361	-1.327637e+00	-7.373047e-02	
1362	-1.354004e+00	-6.628418e-02	
1363	-1.339111e+00	-5.920410e-02	
1364	-1.367676e+00	-5.090332e-02	
1365	-1.356934e+00	-4.614258e-02	
1366	-1.372803e+00	-4.565430e-02	
1367	-1.385986e+00	-4.370117e-02	
1368	-1.375977e+00	-2.673340e-02	
1369	-1.367920e+00	-3.369141e-02	
1370	-1.362549e+00	-3.002930e-02	
1371	-1.353516e+00	-2.502441e-02	
1372	-1.337646e+00	-3.979492e-02	
1373	-1.352539e+00	-3.295898e-02	
1374	-1.350830e+00	-4.467773e-02	
1375	-1.330566e+00	-4.162598e-02	
1376	-1.357666e+00	-2.697754e-02	
1377	-1.344482e+00	-2.404785e-02	
1378	-1.339600e+00	-2.172852e-02	
1379	-1.312988e+00	-1.513672e-02	
1380	-1.346680e+00	-1.818848e-02	
1381	-1.333496e+00	-1.904297e-02	
1382	-1.325684e+00	-2.502441e-02	
1383	-1.329102e+00	-3.820801e-02	
1384	-1.325195e+00	-3.112793e-02	
1385	-1.356201e+00	-4.199219e-02	
1386	-1.356689e+00	-5.114746e-02	
1387	-1.358887e+00	-6.445312e-02	
1388	-1.354248e+00	-5.615234e-02	
1389	-1.354492e+00	-4.919434e-02	
1390	-1.359619e+00	-4.479980e-02	
1391	-1.357666e+00	-5.615234e-02	
1392	-1.357910e+00	-5.651855e-02	
1393	-1.360107e+00	-4.858398e-02	
1394	-1.365234e+00	-5.639648e-02	
1395	-1.359619e+00	-6.738281e-02	
1396	-1.353760e+00	-7.446289e-02	
1397	-1.369629e+00	-5.847168e-02	
1398	-1.388428e+00	-4.577637e-02	
1399	-1.386475e+00	-4.541016e-02	
1400	-1.379150e+00	-5.810547e-02	
1401	-1.369873e+00	-5.419922e-02	
1402	-1.368896e+00	-4.394531e-02	
1403	-1.368896e+00	-5.737305e-02	
1404	-1.381104e+00	-5.529785e-02	
1405	-1.377197e+00	-6.005859e-02	
1406	-1.361816e+00	-5.554199e-02	
1407	-1.347656e+00	-5.041504e-02	
1408	-1.342041e+00	-4.272461e-02	
1409	-1.353271e+00	-5.212402e-02	
1410	-1.337646e+00	-5.749512e-02	
1411	-1.366699e+00	-6.372070e-02	
1412	-1.374023e+00	-6.359863e-02	
1413	-1.354492e+00	-7.263184e-02	
1414	-1.359863e+00	-7.141113e-02	
1415	-1.364746e+00	-7.397461e-02	
1416	-1.348389e+00	-6.860352e-02	
1417	-1.337646e+00	-6.652832e-02	
1418	-1.352783e+00	-5.786133e-02	
1419	-1.374512e+00	-5.444336e-02	
1420	-1.355469e+00	-5.371094e-02	
1421	-1.332031e+00	-4.895020e-02	
1422	-1.338867e+00	-4.040527e-02	
1423	-1.366943e+00	-5.078125e-02	
1424	-1.365967e+00	-5.175781e-02	
1425	-1.370361e+00	-5.554199e-02	
1426	-1.372314e+00	-8.386230e-02	
1427	-1.344482e+00	-7.458496e-02	
1428	-1.343262e+00	-7.592773e-02	
1429	-1.357178e+00	-7.031250e-02	
1430	-1.355957e+00	-7.849121e-02	
1431	-1.356201e+00	-7.214355e-02	
1432	-1.357422e+00	-7.006836e-02	
1433	-1.350586e+00	-8.105469e-02	
1434	-1.342285e+00	-9.057617e-02	
1435	-1.340576e+00	-8.508301e-02	
1436	-1.352295e+00	-7.739258e-02	
1437	-1.359619e+00	-6.994629e-02	
1438	-1.352539e+00	-6.713867e-02	
1439	-1.375977e+00	-7.275391e-02	
1440	-1.348633e+00	-7.019043e-02	
1441	-1.360107e+00	-8.825684e-02	
1442	-1.357422e+00	-8.044434e-02	
1443	-1.370117e+00	-8.117676e-02	
1444	-1.371338e+00	-6.713867e-02	
1445	-1.378662e+00	-5.749512e-02	
1446	-1.375977e+00	-5.590820e-02	
1447	-1.367432e+00	-5.078125e-02	
1448	-1.343750e+00	-5.810547e-02	
1449	-1.321045e+00	-4.382324e-02	
1450	-1.341309e+00	-4.284668e-02	
1451	-1.353027e+00	-5.798340e-02	
1452	-1.356934e+00	-6.665039e-02	
1453	-1.354004e+00	-7.653809e-02	
1454	-1.331055e+00	-8.752441e-02	
1455	-1.316162e+00	-6.457520e-02	
1456	-1.327637e+00	-6.298828e-02	
1457	-1.348145e+00	-5.432129e-02	
1458	-1.346436e+00	-5.639648e-02	
1459	-1.340820e+00	-6.176758e-02	
1460	-1.364258e+00	-6.640625e-02	
1461	-1.353271e+00	-7.031250e-02	
1462	-1.354492e+00	-8.105469e-02	
1463	-1.345459e+00	-6.591797e-02	
1464	-1.318604e+00	-5.505371e-02	
1465	-1.323730e+00	-4.968262e-02	
1466	-1.340820e+00	-6.066895e-02	
1467	-1.355469e+00	-6.481934e-02	
1468	-1.368652e+00	-5.541992e-02	
1469	-1.360352e+00	-6.579590e-02	
1470	-1.368896e+00	-6.298828e-02	
1471	-1.359619e+00	-7.739258e-02	
1472	-1.330566e+00	-8.203125e-02	
1473	-1.330811e+00	-7.739258e-02	
1474	-1.333984e+00	-7.019043e-02	
1475	-1.302979e+00	-8.203125e-02	
1476	-1.324951e+00	-7.922363e-02	
1477	-1.317139e+00	-7.873535e-02	
1478	-1.338379e+00	-7.360840e-02	
1479	-1.341797e+00	-7.141113e-02	
1480	-1.352295e+00	-6.335449e-02	
1481	-1.350098e+00	-6.640625e-02	
1482	-1.350830e+00	-6.262207e-02	
1483	-1.348877e+00	-6.396484e-02	
1484	-1.350586e+00	-5.493164e-02	
1485	-1.360596e+00	-6.311035e-02	
1486	-1.348633e+00	-5.236816e-02	
1487	-1.360107e+00	-6.604004e-02	
1488	-1.343018e+00	-6.518555e-02	
1489	-1.339111e+00	-6.127930e-02	
1490	-1.330566e+00	-6.250000e-02	
1491	-1.327881e+00	-6.201172e-02	
1492	-1.355469e+00	-6.091309e-02	
1493	-1.375244e+00	-7.604980e-02	
1494	-1.373535e+00	-7.360840e-02	
1495	-1.374756e+00	-6.274414e-02	
1496	-1.361572e+00	-6.762695e-02	
1497	-1.340576e+00	-5.590820e-02	
1498	-1.338867e+00	-4.357910e-02	
1499	-1.326416e+00	-4.003906e-02	
1500	-1.332520e+00	-4.467773e-02	
1501	-1.325439e+00	-3.930664e-02	
1502	-1.339355e+00	-3.784180e-02	
1503	-1.334229e+00	-4.736328e-02	
1504	-1.346191e+00	-4.724121e-02	
1505	-1.338867e+00	-4.150391e-02	
1506	-1.328125e+00	-2.978516e-02	
1507	-1.341064e+00	-1.635742e-02	
1508	-1.338379e+00	-3.430176e-02	
1509	-1.333496e+00	-3.833008e-02	
1510	-1.372559e+00	-3.894043e-02	
1511	-1.364502e+00	-4.479980e-02	
1512	-1.361084e+00	-4.699707e-02	
1513	-1.350098e+00	-5.102539e-02	
1514	-1.364746e+00	-4.357910e-02	
1515	-1.359131e+00	-5.017090e-02	
1516	-1.348877e+00	-5.004883e-02	
1517	-1.348877e+00	-4.565430e-02	
1518	-1.364990e+00	-4.248047e-02	
1519	-1.378662e+00	-3.125000e-02	
1520	-1.366455e+00	-4.284668e-02	
1521	-1.365723e+00	-3.723145e-02	
1522	-1.372070e+00	-4.248047e-02	
1523	-1.365234e+00	-5.102539e-02	
1524	-1.368652e+00	-5.419922e-02	
1525	-1.357422e+00	-6.286621e-02	
1526	-1.355713e+00	-6.030273e-02	
1527	-1.380859e+00	-6.689453e-02	
1528	-1.379883e+00	-6.457520e-02	
1529	-1.388916e+00	-6.970215e-02	
1530	-1.392090e+00	-7.666016e-02	
1531	-1.363037e+00	-1.031494e-01	
1532	-1.384766e+00	-9.924316e-02	
1533	-1.378418e+00	-9.301758e-02	
1534	-1.364502e+00	-1.025391e-01	
1535	-1.370361e+00	-8.728027e-02	
1536	-1.361572e+00	-7.702637e-02	
1537	-1.344482e+00	-7.666016e-02	
1538	-1.349854e+00	-8.178711e-02	
1539	-1.360352e+00	-7.482910e-02	
1540	-1.353271e+00	-8.056641e-02	
1541	-1.341553e+00	-8.691406e-02	
1542	-1.358154e+00	-9.082031e-02	
1543	-1.374268e+00	-7.910156e-02	
1544	-1.354492e+00	-7.531738e-02	
1545	-1.366943e+00	-6.616211e-02	
1546	-1.349121e+00	-6.811523e-02	
1547	-1.369385e+00	-6.884766e-02	
1548	-1.346680e+00	-6.799316e-02	
1549	-1.371582e+00	-7.946777e-02	
1550	-1.340820e+00	-8.166504e-02	
1551	-1.358887e+00	-8.544922e-02	
1552	-1.345703e+00	-8.239746e-02	
1553	-1.359619e+00	-7.812500e-02	
1554	-1.348877e+00	-8.776855e-02	
1555	-1.378174e+00	-7.702637e-02	
1556	-1.363037e+00	-7.763672e-02	
1557	-1.361328e+00	-8.105469e-02	
1558	-1.351074e+00	-7.458496e-02	
1559	-1.386475e+00	-8.105469e-02	
1560	-1.381348e+00	-8.190918e-02	
1561	-1.376221e+00	-8.300781e-02	
1562	-1.374512e+00	-8.789062e-02	
1563	-1.381836e+00	-1.004639e-01	
1564	-1.393311e+00	-1.088867e-01	
1565	-1.383057e+00	-1.135254e-01	
1566	-1.377197e+00	-1.077881e-01	
1567	-1.371582e+00	-1.123047e-01	
1568	-1.356934e+00	-1.159668e-01	
1569	-1.351562e+00	-1.126709e-01	
1570	-1.366211e+00	-1.296387e-01	
1571	-1.362793e+00	-1.243896e-01	
1572	-1.372314e+00	-1.252441e-01	
1573	-1.397217e+00	-1.297607e-01	
1574	-1.369629e+00	-1.369629e-01	
1575	-1.390137e+00	-1.506348e-01	
1576	-1.401611e+00	-1.495361e-01	
1577	-1.409180e+00	-1.483154e-01	
1578	-1.406494e+00	-1.535645e-01	
1579	-1.403809e+00	-1.446533e-01	
1580	-1.395264e+00	-1.411133e-01	
1581	-1.383789e+00	-1.398926e-01	
1582	-1.369385e+00	-1.396484e-01	
1583	-1.381592e+00	-1.452637e-01	
1584	-1.369629e+00	-1.481934e-01	
1585	-1.367920e+00	-1.529541e-01	
1586	-1.390137e+00	-1.510010e-01	
1587	-1.365234e+00	-1.475830e-01	
1588	-1.401611e+00	-1.575928e-01	
1589	-1.377686e+00	-1.562500e-01	
1590	-1.374756e+00	-1.558838e-01	
1591	-1.371826e+00	-1.472168e-01	
1592	-1.375732e+00	-1.395264e-01	
1593	-1.365967e+00	-1.292725e-01	
1594	-1.357422e+00	-1.323242e-01	
1595	-1.356689e+00	-1.317139e-01	
1596	-1.369385e+00	-1.281738e-01	
1597	-1.368408e+00	-1.204834e-01	
1598	-1.350830e+00	-1.212158e-01	
1599	-1.387695e+00	-1.301270e-01	
1600	-1.396484e+00	-1.319580e-01	
1601	-1.377197e+00	-1.459961e-01	
1602	-1.367920e+00	-1.436768e-01	
1603	-1.372559e+00	-1.501465e-01	
1604	-1.399658e+00	-1.457520e-01	
1605	-1.387451e+00	-1.392822e-01	
1606	-1.380127e+00	-1.359863e-01	
1607	-1.402588e+00	-1.549072e-01	
1608	-1.382812e+00	-1.480713e-01	
1609	-1.418945e+00	-1.574707e-01	
1610	-1.413330e+00	-1.551514e-01	
1611	-1.407959e+00	-1.551514e-01	
1612	-1.384521e+00	-1.536865e-01	
1613	-1.413330e+00	-1.455078e-01	
1614	-1.414795e+00	-1.452637e-01	
1615	-1.409912e+00	-1.445312e-01	
1616	-1.419678e+00	-1.333008e-01	
1617	-1.402100e+00	-1.169434e-01	
1618	-1.411377e+00	-1.110840e-01	
1619	-1.382324e+00	-1.206055e-01	
1620	-1.410889e+00	-1.164551e-01	
1621	-1.398926e+00	-1.207275e-01	
1622	-1.392822e+00	-1.212158e-01	
1623	-1.399658e+00	-1.329346e-01	
1624	-1.380615e+00	-1.275635e-01	
1625	-1.395508e+00	-1.102295e-01	
1626	-1.376953e+00	-1.014404e-01	
1627	-1.394287e+00	-1.071777e-01	
1628	-1.385986e+00	-1.076660e-01	
1629	-1.388184e+00	-1.148682e-01	
1630	-1.372803e+00	-1.136475e-01	
1631	-1.402832e+00	-1.101074e-01	
1632	-1.395020e+00	-1.138916e-01	
1633	-1.380127e+00	-1.054688e-01	
1634	-1.365723e+00	-1.032715e-01	
1635	-1.358154e+00	-1.077881e-01	
1636	-1.354248e+00	-1.040039e-01	
1637	-1.345459e+00	-9.252930e-02	
1638	-1.369385e+00	-9.985352e-02	
1639	-1.369629e+00	-1.009521e-01	
1640	-1.372314e+00	-9.924316e-02	
1641	-1.377197e+00	-9.692383e-02	
1642	-1.352783e+00	-1.036377e-01	
1643	-1.380371e+00	-9.729004e-02	
1644	-1.367920e+00	-9.863281e-02	
1645	-1.356445e+00	-8.923340e-02	
1646	-1.393799e+00	-8.654785e-02	
1647	-1.383301e+00	-8.886719e-02	
1648	-1.374756e+00	-1.038818e-01	
1649	-1.395020e+00	-9.814453e-02	
1650	-1.391357e+00	-8.972168e-02	
1651	-1.377686e+00	-7.678223e-02	
1652	-1.376953e+00	-6.445312e-02	
1653	-1.398682e+00	-5.261230e-02	
1654	-1.377686e+00	-5.249023e-02	
1655	-1.389160e+00	-5.004883e-02	
1656	-1.399902e+00	-4.650879e-02	
1657	-1.396973e+00	-4.455566e-02	
1658	-1.373291e+00	-3.002930e-02	
1659	-1.364990e+00	-3.308105e-02	
1660	-1.395020e+00	-4.248047e-02	
1661	-1.387207e+00	-5.651855e-02	
1662	-1.347900e+00	-5.334473e-02	
1663	-1.376221e+00	-5.395508e-02	
1664	-1.387207e+00	-5.554199e-02	
1665	-1.373535e+00	-5.725098e-02	
1666	-1.396484e+00	-5.285645e-02	
1667	-1.402832e+00	-6.530762e-02	
1668	-1.407227e+00	-6.787109e-02	
1669	-1.379639e+00	-6.689453e-02	
1670	-1.389404e+00	-7.189941e-02	
1671	-1.376709e+00	-7.812500e-02	
1672	-1.403320e+00	-7.385254e-02	
1673	-1.377441e+00	-6.286621e-02	
1674	-1.386963e+00	-6.335449e-02	
1675	-1.391846e+00	-6.640625e-02	
1676	-1.361816e+00	-5.834961e-02	
1677	-1.357178e+00	-5.761719e-02	
1678	-1.357422e+00	-5.126953e-02	
1679	-1.353027e+00	-4.272461e-02	
1680	-1.343994e+00	-3.222656e-02	
1681	-1.353271e+00	-2.368164e-02	
1682	-1.353760e+00	-1.513672e-02	
1683	-1.375244e+00	-2.172852e-02	
1684	-1.358887e+00	-1.269531e-02	
1685	-1.385498e+00	-2.587891e-02	
1686	-1.396973e+00	-3.088379e-02	
1687	-1.373535e+00	-3.442383e-02	
1688	-1.361816e+00	-3.283691e-02	
1689	-1.356201e+00	-3.552246e-02	
1690	-1.367676e+00	-4.150391e-02	
1691	-1.359619e+00	-3.527832e-02	
1692	-1.380127e+00	-3.906250e-02	
1693	-1.356934e+00	-3.027344e-02	
1694	-1.367432e+00	-2.124023e-02	
1695	-1.359375e+00	-1.721191e-02	
1696	-1.356201e+00	-2.441406e-03	
1697	-1.363281e+00	1.269531e-02	
1698	-1.377930e+00	1.416016e-02	
1699	-1.363037e+00	1.525879e-02	
1700	-1.377441e+00	2.490234e-02	
1701	-1.354248e+00	3.735352e-02	
1702	-1.355713e+00	3.833008e-02	
1703	-1.363037e+00	4.736328e-02	
1704	-1.367676e+00	3.930664e-02	
1705	-1.381104e+00	3.576660e-02	
1706	-1.380859e+00	3.930664e-02	
1707	-1.375732e+00	3.918457e-02	
1708	-1.362793e+00	3.161621e-02	
1709	-1.349854e+00	2.282715e-02	
1710	-1.360840e+00	1.904297e-02	
1711	-1.369629e+00	8.178711e-03	
1712	-1.370850e+00	8.300781e-03	
1713	-1.357178e+00	-1.342773e-03	
1714	-1.374268e+00	4.150391e-03	
1715	-1.352783e+00	-4.394531e-03	
1716	-1.357422e+00	-1.013184e-02	
1717	-1.371826e+00	-1.904297e-02	
1718	-1.368164e+00	-3.955078e-02	
1719	-1.375488e+00	-5.957031e-02	
1720	-1.366943e+00	-6.347656e-02	
1721	-1.359131e+00	-7.482910e-02	
1722	-1.377197e+00	-7.482910e-02	
1723	-1.372070e+00	-5.969238e-02	
1724	-1.361084e+00	-7.324219e-02	
1725	-1.350342e+00	-5.346680e-02	
1726	-1.352295e+00	-5.725098e-02	
1727	-1.383301e+00	-5.419922e-02	
1728	-1.373535e+00	-7.165527e-02	
1729	-1.375732e+00	-5.822754e-02	
1730	-1.387939e+00	-6.433105e-02	
1731	-1.376709e+00	-6.469727e-02	
1732	-1.391846e+00	-7.019043e-02	
1733	-1.398926e+00	-8.190918e-02	
1734	-1.398193e+00	-7.580566e-02	
1735	-1.390381e+00	-6.884766e-02	
1736	-1.385742e+00	-7.348633e-02	
1737	-1.385742e+00	-7.824707e-02	
1738	-1.376953e+00	-8.117676e-02	
1739	-1.393555e+00	-7.971191e-02	
1740	-1.360352e+00	-7.519531e-02	
1741	-1.351562e+00	-8.544922e-02	
1742	-1.352539e+00	-8.154297e-02	
1743	-1.359619e+00	-7.397461e-02	
1744	-1.357910e+00	-6.579590e-02	
1745	-1.364014e+00	-6.640625e-02	
1746	-1.347656e+00	-6.652832e-02	
1747	-1.343994e+00	-6.433105e-02	
1748	-1.353271e+00	-6.970215e-02	
1749	-1.352051e+00	-6.933594e-02	
1750	-1.367188e+00	-6.750488e-02	
1751	-1.360840e+00	-6.713867e-02	
1752	-1.359863e+00	-8.264160e-02	
1753	-1.356689e+00	-6.872559e-02	
1754	-1.354736e+00	-6.115723e-02	
1755	-1.366943e+00	-4.992676e-02	
1756	-1.361816e+00	-5.590820e-02	
1757	-1.368164e+00	-5.981445e-02	
1758	-1.359131e+00	-5.200195e-02	
1759	-1.367432e+00	-5.371094e-02	
1760	-1.361572e+00	-5.554199e-02	
1761	-1.377686e+00	-5.895996e-02	
1762	-1.381104e+00	-6.738281e-02	
1763	-1.369629e+00	-6.542969e-02	
1764	-1.365967e+00	-6.628418e-02	
1765	-1.331543e+00	-6.860352e-02	
1766	-1.331543e+00	-6.323242e-02	
1767	-1.351807e+00	-5.297852e-02	
1768	-1.365479e+00	-4.077148e-02	
1769	-1.371826e+00	-3.417969e-02	
1770	-1.378906e+00	-3.356934e-02	
1771	-1.380371e+00	-2.111816e-02	
1772	-1.368164e+00	-4.333496e-02	
1773	-1.370605e+00	-4.248047e-02	
1774	-1.389404e+00	-3.149414e-02	
1775	-1.381592e+00	-4.077148e-02	
1776	-1.385010e+00	-3.210449e-02	
1777	-1.356689e+00	-3.442383e-02	
1778	-1.373535e+00	-3.918457e-02	
1779	-1.380371e+00	-4.907227e-02	
1780	-1.403076e+00	-3.088379e-02	
1781	-1.372559e+00	-3.857422e-02	
1782	-1.359131e+00	-3.308105e-02	
1783	-1.387451e+00	-3.161621e-02	
1784	-1.376709e+00	-2.917480e-02	
1785	-1.364746e+00	-1.782227e-02	
1786	-1.384277e+00	-1.171875e-02	
1787	-1.389648e+00	-5.004883e-03	
1788	-1.388916e+00	2.441406e-04	
1789	-1.381836e+00	-8.666992e-03	
1790	-1.380371e+00	-2.233887e-02	
1791	-1.399658e+00	-2.502441e-02	
1792	-1.410156e+00	-1.647949e-02	
1793	-1.387451e+00	-2.075195e-03	
1794	-1.371826e+00	-1.318359e-02	
1795	-1.373291e+00	-1.770020e-02	
1796	-1.389160e+00	-2.050781e-02	
1797	-1.410400e+00	-2.294922e-02	
1798	-1.396484e+00	-1.708984e-03	
1799	-1.399414e+00	-1.745605e-02	
1800	-1.398926e+00	-3.430176e-02	
1801	-1.384766e+00	-4.040527e-02	
1802	-1.360352e+00	-4.052734e-02	
1803	-1.367188e+00	-3.540039e-02	
1804	-1.353516e+00	-3.442383e-02	
1805	-1.370850e+00	-4.187012e-02	
1806	-1.400879e+00	-2.954102e-02	
1807	-1.390381e+00	-1.232910e-02	
1808	-1.389404e+00	-1.428223e-02	
1809	-1.379150e+00	1.098633e-03	
1810	-1.370361e+00	5.004883e-03	
1811	-1.363525e+00	9.399414e-03	
1812	-1.352295e+00	1.110840e-02	
1813	-1.367432e+00	1.403809e-02	
1814	-1.389404e+00	2.832031e-02	
1815	-1.386963e+00	2.709961e-02	
1816	-1.376465e+00	1.879883e-02	
1817	-1.362549e+00	2.209473e-02	
1818	-1.385986e+00	2.758789e-02	
1819	-1.395996e+00	2.648926e-02	
1820	-1.380127e+00	3.186035e-02	
1821	-1.406494e+00	2.429199e-02	
1822	-1.391602e+00	1.611328e-02	
1823	-1.408203e+00	2.685547e-02	
1824	-1.411621e+00	2.575684e-02	
1825	-1.400391e+00	3.967285e-02	
1826	-1.394531e+00	4.785156e-02	
1827	-1.397705e+00	4.162598e-02	
1828	-1.391602e+00	5.224609e-02	
1829	-1.390137e+00	3.784180e-02	
1830	-1.382080e+00	3.186035e-02	
1831	-1.378418e+00	3.051758e-02	
1832	-1.405273e+00	3.771973e-02	
1833	-1.413086e+00	4.077148e-02	
1834	-1.411133e+00	7.226562e-02	
1835	-1.390381e+00	6.188965e-02	
1836	-1.390137e+00	6.286621e-02	
1837	-1.389648e+00	5.993652e-02	
1838	-1.404785e+00	5.700684e-02	
1839	-1.410156e+00	5.407715e-02	
1840	-1.397949e+00	6.115723e-02	
1841	-1.387695e+00	8.081055e-02	
1842	-1.377197e+00	8.264160e-02	
1843	-1.364746e+00	8.007812e-02	
1844	-1.379150e+00	7.995605e-02	
1845	-1.366455e+00	7.299805e-02	
1846	-1.359131e+00	6.176758e-02	
1847	-1.355713e+00	6.726074e-02	
1848	-1.381836e+00	7.592773e-02	
1849	-1.385986e+00	7.751465e-02	
1850	-1.341797e+00	6.774902e-02	
1851	-1.351562e+00	5.310059e-02	
1852	-1.341553e+00	5.468750e-02	
1853	-1.369629e+00	5.212402e-02	
1854	-1.382080e+00	4.467773e-02	
1855	-1.383789e+00	4.467773e-02	
1856	-1.371094e+00	3.918457e-02	
1857	-1.356201e+00	2.770996e-02	
1858	-1.368652e+00	2.111816e-02	
1859	-1.369629e+00	2.075195e-02	
1860	-1.358887e+00	1.635742e-02	
1861	-1.361816e+00	1.013184e-02	
1862	-1.377441e+00	1.501465e-02	
1863	-1.377441e+00	1.757812e-02	
1864	-1.378662e+00	2.014160e-02	
1865	-1.389404e+00	2.600098e-02	
1866	-1.395996e+00	2.941895e-02	
1867	-1.398682e+00	3.210449e-02	
1868	-1.403076e+00	2.221680e-02	
1869	-1.403809e+00	2.209473e-02	
1870	-1.405518e+00	6.103516e-03	
1871	-1.392334e+00	2.368164e-02	
1872	-1.397705e+00	1.940918e-02	
1873	-1.419189e+00	2.954102e-02	
1874	-1.409668e+00	2.294922e-02	
1875	-1.392090e+00	3.076172e-02	
1876	-1.393555e+00	2.172852e-02	
1877	-1.391602e+00	2.551270e-02	
1878	-1.371826e+00	1.525879e-02	
1879	-1.360107e+00	1.586914e-03	
1880	-1.375977e+00	-6.347656e-03	
1881	-1.377930e+00	2.319336e-03	
1882	-1.382324e+00	5.737305e-03	
1883	-1.375244e+00	3.051758e-03	
1884	-1.373535e+00	6.713867e-03	
1885	-1.383545e+00	-1.098633e-03	
1886	-1.392822e+00	-1.293945e-02	
1887	-1.380859e+00	-2.685547e-03	
1888	-1.357666e+00	-1.086426e-02	
1889	-1.366211e+00	-1.110840e-02	
1890	-1.356445e+00	-1.501465e-02	
1891	-1.367432e+00	-1.135254e-02	
1892	-1.372070e+00	-2.453613e-02	
1893	-1.344482e+00	-2.746582e-02	
1894	-1.373291e+00	-3.967285e-02	
1895	-1.365479e+00	-3.674316e-02	
1896	-1.357178e+00	-4.614258e-02	
1897	-1.375732e+00	-2.990723e-02	
1898	-1.371338e+00	-3.125000e-02	
1899	-1.370850e+00	-3.283691e-02	
1900	-1.370117e+00	-4.077148e-02	
1901	-1.366455e+00	-3.332520e-02	
1902	-1.382568e+00	-3.466797e-02	
1903	-1.390625e+00	-3.955078e-02	
1904	-1.418213e+00	-3.662109e-02	
1905	-1.406494e+00	-4.565430e-02	
1906	-1.365479e+00	-5.236816e-02	
1907	-1.401855e+00	-5.224609e-02	
1908	-1.368652e+00	-4.992676e-02	
1909	-1.368652e+00	-4.553223e-02	
1910	-1.363525e+00	-5.700684e-02	
1911	-1.408447e+00	-5.456543e-02	
1912	-1.385742e+00	-5.175781e-02	
1913	-1.412354e+00	-5.163574e-02	
1914	-1.407471e+00	-5.895996e-02	
1915	-1.423584e+00	-6.958008e-02	
1916	-1.425293e+00	-8.020020e-02	
1917	-1.416016e+00	-8.227539e-02	
1918	-1.404297e+00	-6.787109e-02	
1919	-1.388184e+00	-7.067871e-02	
1920	-1.403076e+00	-6.677246e-02	
1921	-1.406982e+00	-5.554199e-02	
1922	-1.410156e+00	-4.052734e-02	
1923	-1.406738e+00	-5.114746e-02	
1924	-1.436035e+00	-5.664062e-02	
1925	-1.449707e+00	-6.555176e-02	
1926	-1.426514e+00	-4.565430e-02	
1927	-1.421143e+00	-5.029297e-02	
1928	-1.413086e+00	-5.175781e-02	
1929	-1.388672e+00	-4.699707e-02	
1930	-1.399902e+00	-3.869629e-02	
1931	-1.394043e+00	-4.479980e-02	
1932	-1.383057e+00	-4.284668e-02	
1933	-1.384766e+00	-4.711914e-02	
1934	-1.393555e+00	-3.942871e-02	
1935	-1.383789e+00	-5.126953e-02	
1936	-1.390381e+00	-4.589844e-02	
1937	-1.394531e+00	-5.175781e-02	
1938	-1.390137e+00	-5.297852e-02	
1939	-1.390869e+00	-5.322266e-02	
1940	-1.365479e+00	-5.798340e-02	
1941	-1.382568e+00	-5.615234e-02	
1942	-1.391602e+00	-5.505371e-02	
1943	-1.391846e+00	-6.945801e-02	
1944	-1.416992e+00	-4.748535e-02	
1945	-1.400391e+00	-5.883789e-02	
1946	-1.405518e+00	-5.944824e-02	
1947	-1.409424e+00	-6.018066e-02	
1948	-1.388916e+00	-6.994629e-02	
1949	-1.400391e+00	-7.092285e-02	
1950	-1.390625e+00	-7.531738e-02	
1951	-1.375488e+00	-6.750488e-02	
1952	-1.384033e+00	-8.459473e-02	
1953	-1.387451e+00	-8.422852e-02	
1954	-1.390137e+00	-8.532715e-02	
1955	-1.397461e+00	-8.056641e-02	
1956	-1.395020e+00	-1.007080e-01	
1957	-1.372070e+00	-1.030273e-01	
1958	-1.362549e+00	-1.003418e-01	
1959	-1.393066e+00	-9.240723e-02	
1960	-1.375732e+00	-9.326172e-02	
1961	-1.373779e+00	-9.509277e-02	
1962	-1.385742e+00	-1.082764e-01	
1963	-1.374512e+00	-1.019287e-01	
1964	-1.363281e+00	-1.068115e-01	
1965	-1.396484e+00	-1.042480e-01	
1966	-1.375000e+00	-9.301758e-02	
1967	-1.371338e+00	-8.764648e-02	
1968	-1.375977e+00	-9.802246e-02	
1969	-1.364746e+00	-8.593750e-02	
1970	-1.363281e+00	-7.055664e-02	
1971	-1.376953e+00	-6.323242e-02	
1972	-1.404785e+00	-8.068848e-02	
1973	-1.374512e+00	-6.848145e-02	
1974	-1.380615e+00	-5.834961e-02	
1975	-1.375488e+00	-5.688477e-02	
1976	-1.341064e+00	-6.298828e-02	
1977	-1.373535e+00	-4.956055e-02	
1978	-1.373779e+00	-5.786133e-02	
1979	-1.338867e+00	-5.822754e-02	
1980	-1.365723e+00	-5.456543e-02	
1981	-1.379639e+00	-3.405762e-02	
1982	-1.350342e+00	-2.697754e-02	
1983	-1.368896e+00	-3.649902e-02	
1984	-1.390137e+00	-3.027344e-02	
1985	-1.362549e+00	-2.246094e-02	
1986	-1.369141e+00	-3.601074e-02	
1987	-1.379150e+00	-3.955078e-02	
1988	-1.408203e+00	-4.577637e-02	
1989	-1.391357e+00	-3.735352e-02	
1990	-1.370117e+00	-2.172852e-02	
1991	-1.377197e+00	-1.770020e-02	
1992	-1.353516e+00	-9.765625e-03	
1993	-1.346191e+00	-1.989746e-02	
1994	-1.350830e+00	-3.247070e-02	
1995	-1.348389e+00	-2.941895e-02	
1996	-1.348145e+00	-2.563477e-02	
1997	-1.372803e+00	-3.662109e-02	
1998	-1.364990e+00	-4.711914e-02	
1999	-1.359863e+00	-5.517578e-02	
2000	-1.381592e+00	-6.066895e-02	
2001	-1.402588e+00	-6.604004e-02	
2002	-1.396729e+00	-7.006836e-02	
2003	-1.393066e+00	-7.202148e-02	
2004	-1.381836e+00	-7.336426e-02	
2005	-1.381348e+00	-7.250977e-02	
2006	-1.355469e+00	-6.774902e-02	
2007	-1.368652e+00	-6.787109e-02	
2008	-1.387451e+00	-7.006836e-02	
2009	-1.379150e+00	-6.311035e-02	
2010	-1.383545e+00	-5.468750e-02	
2011	-1.378418e+00	-5.712891e-02	
2012	-1.393799e+00	-5.920410e-02	
2013	-1.380859e+00	-5.200195e-02	
2014	-1.390625e+00	-5.322266e-02	
2015	-1.411377e+00	-4.504395e-02	
2016	-1.375244e+00	-5.236816e-02	
2017	-1.393555e+00	-5.090332e-02	
2018	-1.403564e+00	-6.323242e-02	
2019	-1.383545e+00	-5.615234e-02	
2020	-1.375244e+00	-5.395508e-02	
2021	-1.363525e+00	-6.079102e-02	
2022	-1.374512e+00	-5.615234e-02	
2023	-1.366699e+00	-5.517578e-02	
2024	-1.357666e+00	-5.444336e-02	
2025	-1.381348e+00	-3.967285e-02	
2026	-1.382324e+00	-4.077148e-02	
2027	-1.368896e+00	-4.931641e-02	
2028	-1.365723e+00	-5.151367e-02	
2029	-1.355957e+00	-3.955078e-02	
2030	-1.374023e+00	-4.687500e-02	
2031	-1.405273e+00	-4.785156e-02	
2032	-1.364502e+00	-5.541992e-02	
2033	-1.397217e+00	-5.371094e-02	
2034	-1.386963e+00	-5.712891e-02	
2035	-1.395020e+00	-5.969238e-02	
2036	-1.374756e+00	-6.091309e-02	
2037	-1.370605e+00	-5.578613e-02	
2038	-1.381348e+00	-4.357910e-02	
2039	-1.379395e+00	-3.662109e-02	
2040	-1.355225e+00	-4.724121e-02	
2041	-1.365723e+00	-5.273438e-02	
2042	-1.368652e+00	-4.370117e-02	
2043	-1.376953e+00	-3.601074e-02	
2044	-1.366455e+00	-3.039551e-02	
2045	-1.363037e+00	-3.381348e-02	
2046	-1.366211e+00	-3.857422e-02	
2047	-1.382812e+00	-3.649902e-02	
2048	-1.381836e+00	-3.796387e-02	
2049	-1.374756e+00	-3.173828e-02	
2050	-1.375244e+00	-3.466797e-02	
2051	-1.370850e+00	-3.051758e-02	
2052	-1.406006e+00	-4.150391e-02	
2053	-1.389893e+00	-3.991699e-02	
2054	-1.375732e+00	-3.588867e-02	
2055	-1.376709e+00	-3.430176e-02	
2056	-1.378906e+00	-4.016113e-02	
2057	-1.365234e+00	-4.724121e-02	
2058	-1.372314e+00	-4.443359e-02	
2059	-1.395264e+00	-4.785156e-02	
2060	-1.390137e+00	-3.491211e-02	
2061	-1.393799e+00	-5.065918e-02	
2062	-1.382324e+00	-4.260254e-02	
2063	-1.403564e+00	-6.250000e-02	
2064	-1.395020e+00	-4.479980e-02	
2065	-1.391113e+00	-4.370117e-02	
2066	-1.379150e+00	-6.152344e-02	
2067	-1.386230e+00	-6.860352e-02	
2068	-1.393555e+00	-5.285645e-02	
2069	-1.392090e+00	-5.932617e-02	
2070	-1.389893e+00	-3.967285e-02	
2071	-1.384766e+00	-3.881836e-02	
2072	-1.400879e+00	-2.832031e-02	
2073	-1.369141e+00	-2.185059e-02	
2074	-1.391846e+00	-1.965332e-02	
2075	-1.398682e+00	-1.647949e-02	
2076	-1.391602e+00	-2.233887e-02	
2077	-1.382324e+00	-2.673340e-02	
2078	-1.372803e+00	-3.039551e-02	
2079	-1.398682e+00	-3.649902e-02	
2080	-1.394287e+00	-4.370117e-02	
2081	-1.384033e+00	-4.028320e-02	
2082	-1.391357e+00	-3.967285e-02	
2083	-1.411621e+00	-5.004883e-02	
2084	-1.413330e+00	-4.296875e-02	
2085	-1.404053e+00	-5.773926e-02	
2086	-1.385742e+00	-6.127930e-02	
2087	-1.384766e+00	-5.908203e-02	
2088	-1.407227e+00	-6.347656e-02	
2089	-1.387207e+00	-5.944824e-02	
2090	-1.395020e+00	-5.358887e-02	
2091	-1.404541e+00	-6.652832e-02	
2092	-1.383057e+00	-5.310059e-02	
2093	-1.404785e+00	-6.164551e-02	
2094	-1.406250e+00	-6.005859e-02	
2095	-1.392334e+00	-5.725098e-02	
2096	-1.383545e+00	-5.346680e-02	
2097	-1.372803e+00	-5.114746e-02	
2098	-1.400635e+00	-5.187988e-02	
2099	-1.389893e+00	-5.419922e-02	
2100	-1.393799e+00	-5.676270e-02	
2101	-1.385986e+00	-5.224609e-02	
2102	-1.386963e+00	-5.139160e-02	
2103	-1.403076e+00	-5.871582e-02	
2104	-1.414551e+00	-4.821777e-02	
2105	-1.404053e+00	-5.273438e-02	
2106	-1.401367e+00	-5.236816e-02	
2107	-1.384766e+00	-4.394531e-02	
2108	-1.403564e+00	-4.394531e-02	
2109	-1.380615e+00	-3.759766e-02	
2110	-1.403809e+00	-4.248047e-02	
2111	-1.395508e+00	-4.467773e-02	
2112	-1.379883e+00	-5.017090e-02	
2113	-1.366943e+00	-4.992676e-02	
2114	-1.367432e+00	-7.067871e-02	
2115	-1.365234e+00	-7.641602e-02	
2116	-1.371094e+00	-5.749512e-02	
2117	-1.369629e+00	-4.553223e-02	
2118	-1.374023e+00	-4.516602e-02	
2119	-1.352539e+00	-5.151367e-02	
2120	-1.328125e+00	-6.018066e-02	
2121	-1.347656e+00	-5.749512e-02	
2122	-1.363281e+00	-4.724121e-02	
2123	-1.358643e+00	-6.542969e-02	
2124	-1.366211e+00	-6.176758e-02	
2125	-1.364014e+00	-5.603027e-02	
2126	-1.340576e+00	-6.091309e-02	
2127	-1.347412e+00	-6.555176e-02	
2128	-1.355469e+00	-5.615234e-02	
2129	-1.346680e+00	-5.432129e-02	
2130	-1.345703e+00	-5.004883e-02	
2131	-1.365479e+00	-3.967285e-02	
2132	-1.360596e+00	-5.187988e-02	
2133	-1.330078e+00	-3.796387e-02	
2134	-1.354736e+00	-4.870605e-02	
2135	-1.362549e+00	-6.835938e-02	
2136	-1.333008e+00	-5.932617e-02	
2137	-1.346680e+00	-6.359863e-02	
2138	-1.353271e+00	-6.103516e-02	
2139	-1.368652e+00	-6.054688e-02	
2140	-1.369141e+00	-7.824707e-02	
2141	-1.367676e+00	-6.958008e-02	
2142	-1.366211e+00	-7.446289e-02	
2143	-1.370605e+00	-6.909180e-02	
2144	-1.380615e+00	-6.420898e-02	
2145	-1.379639e+00	-7.019043e-02	
2146	-1.372559e+00	-7.702637e-02	
2147	-1.366455e+00	-8.374023e-02	
2148	-1.369141e+00	-8.239746e-02	
2149	-1.376953e+00	-8.264160e-02	
2150	-1.355957e+00	-6.359863e-02	
2151	-1.345215e+00	-7.604980e-02	
2152	-1.366455e+00	-6.127930e-02	
2153	-1.339355e+00	-5.529785e-02	
2154	-1.355713e+00	-5.310059e-02	
2155	-1.383057e+00	-6.506348e-02	
2156	-1.381104e+00	-6.762695e-02	
2157	-1.386963e+00	-7.092285e-02	
2158	-1.361084e+00	-5.029297e-02	
2159	-1.382812e+00	-4.357910e-02	
2160	-1.372803e+00	-3.369141e-02	
2161	-1.363525e+00	-4.528809e-02	
2162	-1.361816e+00	-5.346680e-02	
2163	-1.355957e+00	-6.127930e-02	
2164	-1.377441e+00	-5.639648e-02	
2165	-1.385986e+00	-6.799316e-02	
2166	-1.402344e+00	-5.700684e-02	
2167	-1.388428e+00	-7.519531e-02	
2168	-1.401367e+00	-6.445312e-02	
2169	-1.385986e+00	-5.700684e-02	
2170	-1.376953e+00	-5.505371e-02	
2171	-1.382324e+00	-4.589844e-02	
2172	-1.377930e+00	-4.333496e-02	
2173	-1.349121e+00	-5.175781e-02	
2174	-1.352539e+00	-5.444336e-02	
2175	-1.372314e+00	-6.213379e-02	
2176	-1.379150e+00	-6.860352e-02	
2177	-1.383545e+00	-5.102539e-02	
2178	-1.399414e+00	-4.846191e-02	
2179	-1.407471e+00	-4.980469e-02	
2180	-1.400391e+00	-5.859375e-02	
2181	-1.415527e+00	-4.345703e-02	
2182	-1.376221e+00	-4.382324e-02	
2183	-1.343994e+00	-4.577637e-02	
2184	-1.386963e+00	-4.431152e-02	
2185	-1.398926e+00	-5.346680e-02	
2186	-1.379150e+00	-6.250000e-02	
2187	-1.378662e+00	-6.506348e-02	
2188	-1.361328e+00	-6.091309e-02	
2189	-1.358398e+00	-5.932617e-02	
2190	-1.373779e+00	-5.761719e-02	
2191	-1.364502e+00	-5.249023e-02	
2192	-1.368164e+00	-4.833984e-02	
2193	-1.360596e+00	-5.139160e-02	
2194	-1.379395e+00	-5.737305e-02	
2195	-1.377930e+00	-5.688477e-02	
2196	-1.387451e+00	-5.603027e-02	
2197	-1.407227e+00	-5.419922e-02	
2198	-1.387695e+00	-6.311035e-02	
2199	-1.375244e+00	-6.738281e-02	
2200	-1.371094e+00	-7.336426e-02	
2201	-1.372803e+00	-6.420898e-02	
2202	-1.370850e+00	-6.262207e-02	
2203	-1.384033e+00	-6.542969e-02	
2204	-1.376953e+00	-6.555176e-02	
2205	-1.375977e+00	-6.677246e-02	
2206	-1.377686e+00	-5.822754e-02	
2207	-1.359375e+00	-6.213379e-02	
2208	-1.372559e+00	-5.749512e-02	
2209	-1.385010e+00	-5.798340e-02	
2210	-1.382080e+00	-5.505371e-02	
2211	-1.371338e+00	-5.224609e-02	
2212	-1.373779e+00	-5.114746e-02	
2213	-1.355957e+00	-4.333496e-02	
2214	-1.365723e+00	-4.821777e-02	
2215	-1.384033e+00	-5.004883e-02	
2216	-1.372803e+00	-5.651855e-02	
2217	-1.371338e+00	-5.114746e-02	
2218	-1.351318e+00	-5.187988e-02	
2219	-1.370361e+00	-5.688477e-02	
2220	-1.370850e+00	-5.358887e-02	
2221	-1.349854e+00	-4.785156e-02	
2222	-1.364502e+00	-5.456543e-02	
2223	-1.356445e+00	-5.383301e-02	
2224	-1.357910e+00	-4.504395e-02	
2225	-1.358887e+00	-4.443359e-02	
2226	-1.367920e+00	-5.346680e-02	
2227	-1.361084e+00	-7.165527e-02	
2228	-1.361328e+00	-6.274414e-02	
2229	-1.359131e+00	-6.994629e-02	
2230	-1.348877e+00	-5.895996e-02	
2231	-1.351074e+00	-6.823730e-02	
2232	-1.373047e+00	-7.202148e-02	
2233	-1.371338e+00	-6.835938e-02	
2234	-1.377441e+00	-7.128906e-02	
2235	-1.359863e+00	-6.469727e-02	
2236	-1.378662e+00	-7.141113e-02	
2237	-1.387695e+00	-6.250000e-02	
2238	-1.398438e+00	-5.151367e-02	
2239	-1.411133e+00	-4.895020e-02	
2240	-1.427002e+00	-3.869629e-02	
2241	-1.401855e+00	-4.174805e-02	
2242	-1.408936e+00	-4.943848e-02	
2243	-1.407471e+00	-4.113770e-02	
2244	-1.409912e+00	-4.504395e-02	
2245	-1.400635e+00	-4.711914e-02	
2246	-1.402588e+00	-3.662109e-02	
2247	-1.380371e+00	-3.222656e-02	
2248	-1.385742e+00	-3.393555e-02	
2249	-1.404053e+00	-4.089355e-02	
2250	-1.419189e+00	-4.064941e-02	
2251	-1.426758e+00	-4.931641e-02	
2252	-1.400146e+00	-4.760742e-02	
2253	-1.363770e+00	-4.895020e-02	
2254	-1.355957e+00	-4.199219e-02	
2255	-1.390625e+00	-3.198242e-02	
2256	-1.377686e+00	-2.856445e-02	
2257	-1.368408e+00	-3.710938e-02	
2258	-1.382080e+00	-4.479980e-02	
2259	-1.389160e+00	-3.222656e-02	
2260	-1.405273e+00	-4.138184e-02	
2261	-1.391846e+00	-3.979492e-02	
2262	-1.392578e+00	-4.992676e-02	
2263	-1.367920e+00	-3.332520e-02	
2264	-1.389648e+00	-1.733398e-02	
2265	-1.373047e+00	-2.575684e-02	
2266	-1.384521e+00	-3.186035e-02	
2267	-1.377441e+00	-1.562500e-02	
2268	-1.385742e+00	-1.684570e-02	
2269	-1.387939e+00	-9.033203e-03	
2270	-1.396973e+00	-3.662109e-04	
2271	-1.391357e+00	-6.835938e-03	
2272	-1.385498e+00	-1.611328e-02	
2273	-1.396240e+00	-1.538086e-02	
2274	-1.391602e+00	-3.308105e-02	
2275	-1.407471e+00	-2.404785e-02	
2276	-1.413330e+00	-3.723145e-02	
2277	-1.397949e+00	-4.064941e-02	
2278	-1.391357e+00	-2.758789e-02	
2279	-1.404541e+00	-2.539062e-02	
2280	-1.395020e+00	-1.928711e-02	
2281	-1.402832e+00	-2.038574e-02	
2282	-1.393555e+00	-3.869629e-02	
2283	-1.381348e+00	-4.443359e-02	
2284	-1.381348e+00	-5.932617e-02	
2285	-1.413086e+00	-6.616211e-02	
2286	-1.387695e+00	-5.810547e-02	
2287	-1.414307e+00	-5.456543e-02	
2288	-1.402588e+00	-6.311035e-02	
2289	-1.403809e+00	-7.373047e-02	
2290	-1.409912e+00	-7.214355e-02	
2291	-1.411865e+00	-5.957031e-02	
2292	-1.406738e+00	-5.957031e-02	
2293	-1.389648e+00	-4.882812e-02	
2294	-1.395020e+00	-4.064941e-02	
2295	-1.386719e+00	-4.638672e-02	
2296	-1.403320e+00	-4.492188e-02	
2297	-1.408691e+00	-4.321289e-02	
2298	-1.407471e+00	-3.845215e-02	
2299	-1.382324e+00	-5.126953e-02	
2300	-1.400391e+00	-5.688477e-02	
2301	-1.359863e+00	-6.262207e-02	
2302	-1.396973e+00	-6.262207e-02	
2303	-1.393799e+00	-5.871582e-02	
2304	-1.388672e+00	-4.919434e-02	
2305	-1.390869e+00	-6.042480e-02	
2306	-1.410156e+00	-6.359863e-02	
2307	-1.406982e+00	-4.760742e-02	
2308	-1.412598e+00	-3.649902e-02	
2309	-1.399902e+00	-4.162598e-02	
2310	-1.391357e+00	-4.882812e-02	
2311	-1.387695e+00	-4.650879e-02	
2312	-1.384521e+00	-4.321289e-02	
2313	-1.390381e+00	-4.431152e-02	
2314	-1.392334e+00	-4.248047e-02	
2315	-1.367188e+00	-5.725098e-02	
2316	-1.394043e+00	-7.507324e-02	
2317	-1.403076e+00	-6.518555e-02	
2318	-1.390625e+00	-8.007812e-02	
2319	-1.406250e+00	-8.117676e-02	
2320	-1.384033e+00	-7.324219e-02	
2321	-1.382324e+00	-8.142090e-02	
2322	-1.408691e+00	-8.129883e-02	
2323	-1.428955e+00	-8.312988e-02	
2324	-1.417236e+00	-7.031250e-02	
2325	-1.395752e+00	-7.080078e-02	
2326	-1.387451e+00	-7.177734e-02	
2327	-1.380127e+00	-7.873535e-02	
2328	-1.403076e+00	-9.558105e-02	
2329	-1.416504e+00	-9.033203e-02	
2330	-1.413574e+00	-6.713867e-02	
2331	-1.407959e+00	-7.482910e-02	
2332	-1.416992e+00	-7.495117e-02	
2333	-1.411133e+00	-7.250977e-02	
2334	-1.383057e+00	-6.872559e-02	
2335	-1.401855e+00	-7.641602e-02	
2336	-1.409912e+00	-7.568359e-02	
2337	-1.408936e+00	-6.982422e-02	
2338	-1.428223e+00	-7.458496e-02	
2339	-1.409180e+00	-6.494141e-02	
2340	-1.364502e+00	-6.848145e-02	
2341	-1.412598e+00	-4.956055e-02	
2342	-1.394043e+00	-5.603027e-02	
2343	-1.387695e+00	-5.749512e-02	
2344	-1.388184e+00	-5.163574e-02	
2345	-1.400391e+00	-5.468750e-02	
2346	-1.419434e+00	-6.274414e-02	
2347	-1.425781e+00	-6.225586e-02	
2348	-1.437012e+00	-6.933594e-02	
2349	-1.416992e+00	-6.030273e-02	
2350	-1.402344e+00	-5.725098e-02	
2351	-1.413086e+00	-6.274414e-02	
2352	-1.399414e+00	-6.542969e-02	
2353	-1.396973e+00	-6.945801e-02	
2354	-1.381104e+00	-7.312012e-02	
2355	-1.389160e+00	-8.056641e-02	
2356	-1.393066e+00	-7.788086e-02	
2357	-1.388672e+00	-6.933594e-02	
2358	-1.403564e+00	-7.775879e-02	
2359	-1.412842e+00	-7.983398e-02	
2360	-1.408691e+00	-8.325195e-02	
2361	-1.389404e+00	-7.824707e-02	
2362	-1.384521e+00	-8.508301e-02	
2363	-1.411621e+00	-9.802246e-02	
2364	-1.418213e+00	-9.765625e-02	
2365	-1.398193e+00	-8.715820e-02	
2366	-1.406982e+00	-8.898926e-02	
2367	-1.394775e+00	-8.178711e-02	
2368	-1.383301e+00	-8.435059e-02	
2369	-1.354004e+00	-8.691406e-02	
2370	-1.382812e+00	-8.850098e-02	
2371	-1.380127e+00	-8.239746e-02	
2372	-1.362305e+00	-7.714844e-02	
2373	-1.362793e+00	-7.580566e-02	
2374	-1.346191e+00	-7.299805e-02	
2375	-1.355469e+00	-7.189941e-02	
2376	-1.355957e+00	-5.676270e-02	
2377	-1.357178e+00	-6.127930e-02	
2378	-1.378174e+00	-5.297852e-02	
2379	-1.390381e+00	-5.993652e-02	
2380	-1.379395e+00	-4.589844e-02	
2381	-1.368896e+00	-6.103516e-02	
2382	-1.372803e+00	-6.726074e-02	
2383	-1.379395e+00	-7.031250e-02	
2384	-1.398193e+00	-7.055664e-02	
2385	-1.401855e+00	-7.580566e-02	
2386	-1.415039e+00	-7.214355e-02	
2387	-1.404297e+00	-7.580566e-02	
2388	-1.429443e+00	-9.265137e-02	
2389	-1.403564e+00	-8.044434e-02	
2390	-1.425537e+00	-7.849121e-02	
2391	-1.375244e+00	-7.141113e-02	
2392	-1.387207e+00	-7.019043e-02	
2393	-1.380127e+00	-5.798340e-02	
2394	-1.387451e+00	-4.968262e-02	
2395	-1.391113e+00	-6.872559e-02	
2396	-1.389648e+00	-6.738281e-02	
2397	-1.420166e+00	-6.079102e-02	
2398	-1.393799e+00	-6.542969e-02	
2399	-1.404785e+00	-5.529785e-02	
2400	-1.414062e+00	-5.407715e-02	
2401	-1.397217e+00	-4.565430e-02	
2402	-1.414062e+00	-5.432129e-02	
2403	-1.425781e+00	-4.309082e-02	
2404	-1.411865e+00	-5.151367e-02	
2405	-1.410400e+00	-3.747559e-02	
2406	-1.415527e+00	-4.321289e-02	
2407	-1.421143e+00	-5.480957e-02	
2408	-1.422119e+00	-6.066895e-02	
2409	-1.412842e+00	-5.651855e-02	
2410	-1.433350e+00	-5.139160e-02	
2411	-1.401855e+00	-3.710938e-02	
2412	-1.434570e+00	-4.357910e-02	
2413	-1.419678e+00	-5.187988e-02	
2414	-1.417969e+00	-5.517578e-02	
2415	-1.420410e+00	-5.261230e-02	
2416	-1.394531e+00	-4.736328e-02	
2417	-1.429199e+00	-4.455566e-02	
2418	-1.422607e+00	-3.979492e-02	
2419	-1.416260e+00	-3.356934e-02	
2420	-1.420166e+00	-2.600098e-02	
2421	-1.400146e+00	-1.599121e-02	
2422	-1.402832e+00	-2.185059e-02	
2423	-1.395752e+00	-1.721191e-02	
2424	-1.399902e+00	-2.514648e-02	
2425	-1.413574e+00	-2.331543e-02	
2426	-1.402100e+00	-3.283691e-02	
2427	-1.409668e+00	-2.929688e-02	
2428	-1.401611e+00	-3.332520e-02	
2429	-1.397461e+00	-2.563477e-02	
2430	-1.403320e+00	-1.989746e-02	
2431	-1.430908e+00	-2.453613e-02	
2432	-1.421631e+00	-2.539062e-02	
2433	-1.405273e+00	-3.320312e-02	
2434	-1.420410e+00	-2.819824e-02	
2435	-1.393799e+00	-2.502441e-02	
2436	-1.403564e+00	-1.586914e-02	
2437	-1.420166e+00	-5.859375e-03	
2438	-1.420410e+00	5.615234e-03	
2439	-1.408691e+00	-9.399414e-03	
2440	-1.400879e+00	-1.123047e-02	
2441	-1.390869e+00	-9.887695e-03	
2442	-1.413086e+00	-1.354980e-02	
2443	-1.400635e+00	-1.281738e-02	
2444	-1.396240e+00	-1.037598e-02	
2445	-1.413818e+00	-1.208496e-02	
2446	-1.417969e+00	2.075195e-03	
2447	-1.445557e+00	2.429199e-02	
2448	-1.418213e+00	3.002930e-02	
2449	-1.408691e+00	2.380371e-02	
2450	-1.403564e+00	2.380371e-02	
2451	-1.404541e+00	1.782227e-02	
2452	-1.391357e+00	6.713867e-03	
2453	-1.402344e+00	3.906250e-03	
2454	-1.397461e+00	2.075195e-03	
2455	-1.374756e+00	1.062012e-02	
2456	-1.387207e+00	6.713867e-03	
2457	-1.360352e+00	8.300781e-03	
2458	-1.377441e+00	1.477051e-02	
2459	-1.381104e+00	2.685547e-02	
2460	-1.379395e+00	1.867676e-02	
2461	-1.366699e+00	1.977539e-02	
2462	-1.389160e+00	8.056641e-03	
2463	-1.390869e+00	1.989746e-02	
2464	-1.408936e+00	1.757812e-02	
2465	-1.405518e+00	3.784180e-03	
2466	-1.396729e+00	1.110840e-02	
2467	-1.391602e+00	7.690430e-03	
2468	-1.410400e+00	1.391602e-02	
2469	-1.395264e+00	2.221680e-02	
2470	-1.417480e+00	1.928711e-02	
2471	-1.424561e+00	6.347656e-03	
2472	-1.419189e+00	4.028320e-03	
2473	-1.408691e+00	3.784180e-03	
2474	-1.400391e+00	5.737305e-03	
2475	-1.378906e+00	1.086426e-02	
2476	-1.401123e+00	9.765625e-03	
2477	-1.390137e+00	2.478027e-02	
2478	-1.398193e+00	1.940918e-02	
2479	-1.395996e+00	2.294922e-02	
2480	-1.376953e+00	2.148438e-02	
2481	-1.388916e+00	1.916504e-02	
2482	-1.390869e+00	1.965332e-02	
2483	-1.387695e+00	5.249023e-03	
2484	-1.369873e+00	1.306152e-02	
2485	-1.357666e+00	2.160645e-02	
2486	-1.386230e+00	2.136230e-02	
2487	-1.379883e+00	3.491211e-02	
2488	-1.387451e+00	2.783203e-02	
2489	-1.341064e+00	2.600098e-02	
2490	-1.351562e+00	8.789062e-03	
2491	-1.336914e+00	1.562500e-02	
2492	-1.341309e+00	2.319336e-02	
2493	-1.360596e+00	1.440430e-02	
2494	-1.356689e+00	1.794434e-02	
2495	-1.356934e+00	1.049805e-02	
2496	-1.356934e+00	8.056641e-03	
2497	-1.359619e+00	1.037598e-02	
2498	-1.370361e+00	1.904297e-02	
2499	-1.364502e+00	2.990723e-02	
