# 2d Ising model
# L = 128
# method = heatbath
# beta_min = 0.8
# beta_max = 1
# N_pts_beta = 1
# h_min = 0
# h_max = 1
# N_pts_h = 1
# beta 	 e 	 m 	 |m| 	 msq 	 h 	 - 	 cV
0	-9.511719e-01	5.468750e-02	
1	-1.291504e+00	7.568359e-02	
2	-1.440186e+00	9.179688e-02	
3	-1.523682e+00	1.116943e-01	
4	-1.567627e+00	1.269531e-01	
5	-1.610107e+00	1.468506e-01	
6	-1.632080e+00	1.445312e-01	
7	-1.652100e+00	1.510010e-01	
8	-1.673828e+00	1.558838e-01	
9	-1.681641e+00	1.549072e-01	
10	-1.695557e+00	1.578369e-01	
11	-1.710938e+00	1.683350e-01	
12	-1.715088e+00	1.691895e-01	
13	-1.720947e+00	1.746826e-01	
14	-1.722412e+00	1.904297e-01	
15	-1.730469e+00	1.984863e-01	
16	-1.738770e+00	2.034912e-01	
17	-1.743896e+00	2.003174e-01	
18	-1.744141e+00	2.014160e-01	
19	-1.749512e+00	2.059326e-01	
20	-1.755371e+00	2.094727e-01	
21	-1.763428e+00	2.097168e-01	
22	-1.764404e+00	2.138672e-01	
23	-1.769775e+00	2.216797e-01	
24	-1.771484e+00	2.219238e-01	
25	-1.776611e+00	2.172852e-01	
26	-1.781494e+00	2.248535e-01	
27	-1.784912e+00	2.246094e-01	
28	-1.784668e+00	2.216797e-01	
29	-1.791992e+00	2.159424e-01	
30	-1.793213e+00	2.196045e-01	
31	-1.794434e+00	2.209473e-01	
32	-1.799072e+00	2.211914e-01	
33	-1.802734e+00	2.144775e-01	
34	-1.800293e+00	2.153320e-01	
35	-1.802490e+00	2.210693e-01	
36	-1.806885e+00	2.196045e-01	
37	-1.807129e+00	2.219238e-01	
38	-1.813232e+00	2.292480e-01	
39	-1.813721e+00	2.319336e-01	
40	-1.812256e+00	2.313232e-01	
41	-1.810547e+00	2.343750e-01	
42	-1.815186e+00	2.349854e-01	
43	-1.818115e+00	2.374268e-01	
44	-1.820068e+00	2.399902e-01	
45	-1.822998e+00	2.324219e-01	
46	-1.823486e+00	2.271729e-01	
47	-1.822754e+00	2.351074e-01	
48	-1.826416e+00	2.375488e-01	
49	-1.833740e+00	2.373047e-01	
50	-1.833984e+00	2.366943e-01	
51	-1.832520e+00	2.364502e-01	
52	-1.835449e+00	2.379150e-01	
53	-1.837646e+00	2.420654e-01	
54	-1.836670e+00	2.386475e-01	
55	-1.840820e+00	2.456055e-01	
56	-1.841309e+00	2.463379e-01	
57	-1.843994e+00	2.459717e-01	
58	-1.843018e+00	2.550049e-01	
59	-1.845947e+00	2.645264e-01	
60	-1.842529e+00	2.641602e-01	
61	-1.845215e+00	2.647705e-01	
62	-1.850830e+00	2.628174e-01	
63	-1.849609e+00	2.586670e-01	
64	-1.854004e+00	2.587891e-01	
65	-1.857178e+00	2.680664e-01	
66	-1.848389e+00	2.720947e-01	
67	-1.855225e+00	2.801514e-01	
68	-1.859131e+00	2.800293e-01	
69	-1.863770e+00	2.811279e-01	
70	-1.856934e+00	2.845459e-01	
71	-1.860596e+00	2.867432e-01	
72	-1.859375e+00	2.819824e-01	
73	-1.855469e+00	2.871094e-01	
74	-1.860107e+00	2.816162e-01	
75	-1.859131e+00	2.794189e-01	
76	-1.863281e+00	2.824707e-01	
77	-1.865479e+00	2.882080e-01	
78	-1.860352e+00	2.900391e-01	
79	-1.865234e+00	2.891846e-01	
80	-1.863037e+00	2.904053e-01	
81	-1.865967e+00	2.882080e-01	
82	-1.858643e+00	2.868652e-01	
83	-1.866699e+00	2.835693e-01	
84	-1.864990e+00	2.841797e-01	
85	-1.869141e+00	2.893066e-01	
86	-1.867920e+00	2.880859e-01	
87	-1.869385e+00	2.961426e-01	
88	-1.869629e+00	2.995605e-01	
89	-1.868408e+00	2.990723e-01	
90	-1.870361e+00	2.998047e-01	
91	-1.874512e+00	2.998047e-01	
92	-1.875244e+00	2.999268e-01	
93	-1.867432e+00	3.011475e-01	
94	-1.870850e+00	3.059082e-01	
95	-1.871582e+00	3.131104e-01	
96	-1.872803e+00	3.162842e-01	
97	-1.877686e+00	3.173828e-01	
98	-1.871826e+00	3.178711e-01	
99	-1.874023e+00	3.161621e-01	
100	-1.872314e+00	3.193359e-01	
101	-1.873779e+00	3.212891e-01	
102	-1.874268e+00	3.232422e-01	
103	-1.878662e+00	3.267822e-01	
104	-1.870361e+00	3.293457e-01	
105	-1.876221e+00	3.299561e-01	
106	-1.876465e+00	3.309326e-01	
107	-1.877441e+00	3.297119e-01	
108	-1.879883e+00	3.338623e-01	
109	-1.880127e+00	3.331299e-01	
110	-1.877686e+00	3.354492e-01	
111	-1.880615e+00	3.405762e-01	
112	-1.881348e+00	3.409424e-01	
113	-1.883057e+00	3.410645e-01	
114	-1.880859e+00	3.417969e-01	
115	-1.882080e+00	3.468018e-01	
116	-1.879150e+00	3.508301e-01	
117	-1.884766e+00	3.527832e-01	
118	-1.881104e+00	3.508301e-01	
119	-1.880859e+00	3.566895e-01	
120	-1.887207e+00	3.560791e-01	
121	-1.884766e+00	3.597412e-01	
122	-1.890137e+00	3.618164e-01	
123	-1.888916e+00	3.652344e-01	
124	-1.887451e+00	3.688965e-01	
125	-1.887939e+00	3.704834e-01	
126	-1.881836e+00	3.740234e-01	
127	-1.889160e+00	3.751221e-01	
128	-1.886719e+00	3.762207e-01	
129	-1.887695e+00	3.796387e-01	
130	-1.889160e+00	3.742676e-01	
131	-1.890381e+00	3.712158e-01	
132	-1.888672e+00	3.704834e-01	
133	-1.895264e+00	3.740234e-01	
134	-1.890381e+00	3.729248e-01	
135	-1.894043e+00	3.743896e-01	
136	-1.892334e+00	3.748779e-01	
137	-1.888672e+00	3.814697e-01	
138	-1.895508e+00	3.806152e-01	
139	-1.892578e+00	3.770752e-01	
140	-1.892334e+00	3.762207e-01	
141	-1.889404e+00	3.751221e-01	
142	-1.892578e+00	3.770752e-01	
143	-1.892578e+00	3.787842e-01	
144	-1.891602e+00	3.764648e-01	
145	-1.893311e+00	3.803711e-01	
146	-1.897217e+00	3.806152e-01	
147	-1.894775e+00	3.842773e-01	
148	-1.890137e+00	3.891602e-01	
149	-1.890137e+00	3.924561e-01	
150	-1.893555e+00	3.947754e-01	
151	-1.895020e+00	3.908691e-01	
152	-1.902832e+00	3.897705e-01	
153	-1.903320e+00	3.887939e-01	
154	-1.897705e+00	3.897705e-01	
155	-1.903564e+00	3.952637e-01	
156	-1.902832e+00	3.981934e-01	
157	-1.900879e+00	3.992920e-01	
158	-1.904785e+00	4.063721e-01	
159	-1.904053e+00	4.045410e-01	
160	-1.903320e+00	4.049072e-01	
161	-1.905029e+00	4.057617e-01	
162	-1.904053e+00	4.012451e-01	
163	-1.904053e+00	4.025879e-01	
164	-1.898682e+00	4.060059e-01	
165	-1.902100e+00	4.068604e-01	
166	-1.903564e+00	4.102783e-01	
167	-1.906006e+00	4.134521e-01	
168	-1.902344e+00	4.132080e-01	
169	-1.902344e+00	4.141846e-01	
170	-1.902100e+00	4.133301e-01	
171	-1.901367e+00	4.152832e-01	
172	-1.902588e+00	4.146729e-01	
173	-1.906982e+00	4.191895e-01	
174	-1.903320e+00	4.195557e-01	
175	-1.901367e+00	4.188232e-01	
176	-1.902832e+00	4.154053e-01	
177	-1.905029e+00	4.187012e-01	
178	-1.902100e+00	4.183350e-01	
179	-1.899658e+00	4.177246e-01	
180	-1.907715e+00	4.211426e-01	
181	-1.909180e+00	4.248047e-01	
182	-1.904053e+00	4.248047e-01	
183	-1.911377e+00	4.266357e-01	
184	-1.901123e+00	4.276123e-01	
185	-1.901367e+00	4.270020e-01	
186	-1.906006e+00	4.312744e-01	
187	-1.904297e+00	4.332275e-01	
188	-1.905273e+00	4.338379e-01	
189	-1.907471e+00	4.344482e-01	
190	-1.907715e+00	4.344482e-01	
191	-1.909668e+00	4.373779e-01	
192	-1.906250e+00	4.355469e-01	
193	-1.905762e+00	4.344482e-01	
194	-1.913574e+00	4.378662e-01	
195	-1.911133e+00	4.406738e-01	
196	-1.913330e+00	4.394531e-01	
197	-1.907959e+00	4.401855e-01	
198	-1.910889e+00	4.422607e-01	
199	-1.909424e+00	4.421387e-01	
200	-1.908936e+00	4.482422e-01	
201	-1.917480e+00	4.493408e-01	
202	-1.915039e+00	4.504395e-01	
203	-1.913086e+00	4.478760e-01	
204	-1.907227e+00	4.532471e-01	
205	-1.912354e+00	4.505615e-01	
206	-1.908691e+00	4.486084e-01	
207	-1.909424e+00	4.517822e-01	
208	-1.908691e+00	4.497070e-01	
209	-1.914307e+00	4.509277e-01	
210	-1.912598e+00	4.537354e-01	
211	-1.914307e+00	4.555664e-01	
212	-1.914795e+00	4.543457e-01	
213	-1.911133e+00	4.561768e-01	
214	-1.908203e+00	4.610596e-01	
215	-1.907471e+00	4.594727e-01	
216	-1.912598e+00	4.633789e-01	
217	-1.910889e+00	4.626465e-01	
218	-1.911377e+00	4.598389e-01	
219	-1.908447e+00	4.605713e-01	
220	-1.909424e+00	4.593506e-01	
221	-1.907227e+00	4.635010e-01	
222	-1.909912e+00	4.653320e-01	
223	-1.910645e+00	4.682617e-01	
224	-1.913330e+00	4.652100e-01	
225	-1.915283e+00	4.652100e-01	
226	-1.909668e+00	4.628906e-01	
227	-1.914062e+00	4.644775e-01	
228	-1.920166e+00	4.705811e-01	
229	-1.916504e+00	4.677734e-01	
230	-1.919922e+00	4.687500e-01	
231	-1.913086e+00	4.649658e-01	
232	-1.919434e+00	4.698486e-01	
233	-1.916016e+00	4.677734e-01	
234	-1.916504e+00	4.666748e-01	
235	-1.915039e+00	4.691162e-01	
236	-1.910156e+00	4.699707e-01	
237	-1.917236e+00	4.716797e-01	
238	-1.919434e+00	4.729004e-01	
239	-1.918945e+00	4.725342e-01	
240	-1.915527e+00	4.681396e-01	
241	-1.912109e+00	4.704590e-01	
242	-1.918701e+00	4.707031e-01	
243	-1.918701e+00	4.727783e-01	
244	-1.915283e+00	4.758301e-01	
245	-1.916504e+00	4.764404e-01	
246	-1.920410e+00	4.796143e-01	
247	-1.921387e+00	4.803467e-01	
248	-1.918213e+00	4.792480e-01	
249	-1.920410e+00	4.843750e-01	
250	-1.916260e+00	4.862061e-01	
251	-1.916504e+00	4.882812e-01	
252	-1.911133e+00	4.895020e-01	
253	-1.921875e+00	4.914551e-01	
254	-1.912598e+00	4.913330e-01	
255	-1.918213e+00	4.896240e-01	
256	-1.922363e+00	4.927979e-01	
257	-1.919189e+00	4.926758e-01	
258	-1.921875e+00	4.921875e-01	
259	-1.921875e+00	4.943848e-01	
260	-1.922607e+00	4.954834e-01	
261	-1.919678e+00	4.957275e-01	
262	-1.921631e+00	4.956055e-01	
263	-1.925293e+00	4.990234e-01	
264	-1.924072e+00	4.992676e-01	
265	-1.926270e+00	5.037842e-01	
266	-1.923828e+00	5.051270e-01	
267	-1.922852e+00	5.068359e-01	
268	-1.925537e+00	5.068359e-01	
269	-1.931885e+00	5.090332e-01	
270	-1.926025e+00	5.091553e-01	
271	-1.927246e+00	5.097656e-01	
272	-1.921631e+00	5.103760e-01	
273	-1.929443e+00	5.097656e-01	
274	-1.925781e+00	5.123291e-01	
275	-1.928467e+00	5.140381e-01	
276	-1.922119e+00	5.144043e-01	
277	-1.923828e+00	5.137939e-01	
278	-1.923340e+00	5.156250e-01	
279	-1.925781e+00	5.163574e-01	
280	-1.924561e+00	5.152588e-01	
281	-1.927246e+00	5.139160e-01	
282	-1.928955e+00	5.145264e-01	
283	-1.926025e+00	5.117188e-01	
284	-1.927979e+00	5.133057e-01	
285	-1.931152e+00	5.155029e-01	
286	-1.928467e+00	5.208740e-01	
287	-1.927246e+00	5.213623e-01	
288	-1.930908e+00	5.222168e-01	
289	-1.930664e+00	5.230713e-01	
290	-1.928223e+00	5.242920e-01	
291	-1.931885e+00	5.236816e-01	
292	-1.934326e+00	5.239258e-01	
293	-1.929932e+00	5.220947e-01	
294	-1.934082e+00	5.175781e-01	
295	-1.929443e+00	5.183105e-01	
296	-1.936768e+00	5.224609e-01	
297	-1.933594e+00	5.238037e-01	
298	-1.933594e+00	5.206299e-01	
299	-1.928223e+00	5.200195e-01	
300	-1.930176e+00	5.212402e-01	
301	-1.934326e+00	5.241699e-01	
302	-1.933105e+00	5.220947e-01	
303	-1.933594e+00	5.212402e-01	
304	-1.929688e+00	5.220947e-01	
305	-1.934814e+00	5.213623e-01	
306	-1.930420e+00	5.194092e-01	
307	-1.931152e+00	5.158691e-01	
308	-1.931396e+00	5.155029e-01	
309	-1.932373e+00	5.152588e-01	
310	-1.937988e+00	5.133057e-01	
311	-1.934326e+00	5.178223e-01	
312	-1.930420e+00	5.179443e-01	
313	-1.930664e+00	5.148926e-01	
314	-1.930176e+00	5.161133e-01	
315	-1.928467e+00	5.183105e-01	
316	-1.934326e+00	5.172119e-01	
317	-1.935059e+00	5.170898e-01	
318	-1.931396e+00	5.198975e-01	
319	-1.934082e+00	5.218506e-01	
320	-1.931152e+00	5.205078e-01	
321	-1.933838e+00	5.197754e-01	
322	-1.932617e+00	5.227051e-01	
323	-1.928711e+00	5.205078e-01	
324	-1.933350e+00	5.220947e-01	
325	-1.929932e+00	5.201416e-01	
326	-1.935303e+00	5.198975e-01	
327	-1.933105e+00	5.191650e-01	
328	-1.934326e+00	5.206299e-01	
329	-1.939209e+00	5.241699e-01	
330	-1.935547e+00	5.218506e-01	
331	-1.936523e+00	5.222168e-01	
332	-1.937012e+00	5.218506e-01	
333	-1.931152e+00	5.220947e-01	
334	-1.927246e+00	5.213623e-01	
335	-1.933105e+00	5.249023e-01	
336	-1.932373e+00	5.273438e-01	
337	-1.929443e+00	5.246582e-01	
338	-1.932617e+00	5.273438e-01	
339	-1.933594e+00	5.291748e-01	
340	-1.936768e+00	5.289307e-01	
341	-1.930908e+00	5.317383e-01	
342	-1.935303e+00	5.325928e-01	
343	-1.936279e+00	5.314941e-01	
344	-1.933594e+00	5.350342e-01	
345	-1.938477e+00	5.321045e-01	
346	-1.934082e+00	5.314941e-01	
347	-1.930908e+00	5.292969e-01	
348	-1.933838e+00	5.283203e-01	
349	-1.937012e+00	5.319824e-01	
350	-1.932861e+00	5.297852e-01	
351	-1.934570e+00	5.334473e-01	
352	-1.938721e+00	5.364990e-01	
353	-1.934082e+00	5.361328e-01	
354	-1.938965e+00	5.368652e-01	
355	-1.939453e+00	5.390625e-01	
356	-1.930908e+00	5.380859e-01	
357	-1.933594e+00	5.379639e-01	
358	-1.939941e+00	5.408936e-01	
359	-1.936523e+00	5.424805e-01	
360	-1.936768e+00	5.405273e-01	
361	-1.937012e+00	5.422363e-01	
362	-1.934082e+00	5.430908e-01	
363	-1.930908e+00	5.445557e-01	
364	-1.937256e+00	5.476074e-01	
365	-1.941895e+00	5.440674e-01	
366	-1.940430e+00	5.461426e-01	
367	-1.940430e+00	5.461426e-01	
368	-1.936279e+00	5.491943e-01	
369	-1.935547e+00	5.445557e-01	
370	-1.932129e+00	5.421143e-01	
371	-1.941162e+00	5.456543e-01	
372	-1.938721e+00	5.455322e-01	
373	-1.941162e+00	5.487061e-01	
374	-1.944092e+00	5.490723e-01	
375	-1.939209e+00	5.502930e-01	
376	-1.939941e+00	5.499268e-01	
377	-1.935547e+00	5.507812e-01	
378	-1.938477e+00	5.513916e-01	
379	-1.937256e+00	5.555420e-01	
380	-1.935547e+00	5.523682e-01	
381	-1.938232e+00	5.535889e-01	
382	-1.942871e+00	5.541992e-01	
383	-1.942871e+00	5.529785e-01	
384	-1.940674e+00	5.491943e-01	
385	-1.937256e+00	5.485840e-01	
386	-1.941650e+00	5.504150e-01	
387	-1.940918e+00	5.507812e-01	
388	-1.939697e+00	5.526123e-01	
389	-1.938721e+00	5.550537e-01	
390	-1.940918e+00	5.524902e-01	
391	-1.940186e+00	5.541992e-01	
392	-1.939941e+00	5.568848e-01	
393	-1.941406e+00	5.606689e-01	
394	-1.945068e+00	5.616455e-01	
395	-1.934082e+00	5.579834e-01	
396	-1.942139e+00	5.582275e-01	
397	-1.935303e+00	5.588379e-01	
398	-1.934814e+00	5.593262e-01	
399	-1.935059e+00	5.622559e-01	
400	-1.942627e+00	5.654297e-01	
401	-1.943115e+00	5.672607e-01	
402	-1.941162e+00	5.681152e-01	
403	-1.939941e+00	5.714111e-01	
404	-1.937012e+00	5.700684e-01	
405	-1.936523e+00	5.679932e-01	
406	-1.941406e+00	5.720215e-01	
407	-1.938721e+00	5.722656e-01	
408	-1.937256e+00	5.695801e-01	
409	-1.944336e+00	5.681152e-01	
410	-1.941650e+00	5.692139e-01	
411	-1.940186e+00	5.703125e-01	
412	-1.943115e+00	5.686035e-01	
413	-1.941895e+00	5.708008e-01	
414	-1.940918e+00	5.721436e-01	
415	-1.940674e+00	5.731201e-01	
416	-1.943359e+00	5.755615e-01	
417	-1.939453e+00	5.756836e-01	
418	-1.941895e+00	5.742188e-01	
419	-1.944092e+00	5.736084e-01	
420	-1.938232e+00	5.742188e-01	
421	-1.938477e+00	5.789795e-01	
422	-1.940430e+00	5.791016e-01	
423	-1.943848e+00	5.811768e-01	
424	-1.946777e+00	5.803223e-01	
425	-1.939453e+00	5.770264e-01	
426	-1.943604e+00	5.771484e-01	
427	-1.936768e+00	5.766602e-01	
428	-1.936035e+00	5.753174e-01	
429	-1.938965e+00	5.777588e-01	
430	-1.943604e+00	5.780029e-01	
431	-1.939453e+00	5.755615e-01	
432	-1.942383e+00	5.742188e-01	
433	-1.940430e+00	5.706787e-01	
434	-1.938965e+00	5.705566e-01	
435	-1.943604e+00	5.731201e-01	
436	-1.943604e+00	5.740967e-01	
437	-1.944092e+00	5.754395e-01	
438	-1.945801e+00	5.760498e-01	
439	-1.939697e+00	5.794678e-01	
440	-1.937256e+00	5.825195e-01	
441	-1.941895e+00	5.838623e-01	
442	-1.942139e+00	5.833740e-01	
443	-1.937744e+00	5.815430e-01	
444	-1.944824e+00	5.843506e-01	
445	-1.941650e+00	5.855713e-01	
446	-1.942871e+00	5.864258e-01	
447	-1.940674e+00	5.881348e-01	
448	-1.944824e+00	5.861816e-01	
449	-1.942139e+00	5.847168e-01	
450	-1.935303e+00	5.853271e-01	
451	-1.937988e+00	5.847168e-01	
452	-1.939209e+00	5.845947e-01	
453	-1.943115e+00	5.839844e-01	
454	-1.939941e+00	5.821533e-01	
455	-1.942871e+00	5.799561e-01	
456	-1.940186e+00	5.820312e-01	
457	-1.944824e+00	5.832520e-01	
458	-1.940430e+00	5.812988e-01	
459	-1.941162e+00	5.822754e-01	
460	-1.937012e+00	5.842285e-01	
461	-1.944580e+00	5.842285e-01	
462	-1.947266e+00	5.843506e-01	
463	-1.940430e+00	5.864258e-01	
464	-1.937988e+00	5.854492e-01	
465	-1.938721e+00	5.866699e-01	
466	-1.946777e+00	5.900879e-01	
467	-1.939941e+00	5.876465e-01	
468	-1.937744e+00	5.883789e-01	
469	-1.944336e+00	5.898438e-01	
470	-1.944336e+00	5.864258e-01	
471	-1.942871e+00	5.887451e-01	
472	-1.945068e+00	5.894775e-01	
473	-1.939209e+00	5.904541e-01	
474	-1.943604e+00	5.949707e-01	
475	-1.943359e+00	5.954590e-01	
476	-1.935547e+00	5.947266e-01	
477	-1.943604e+00	5.983887e-01	
478	-1.947266e+00	6.029053e-01	
479	-1.938232e+00	5.988770e-01	
480	-1.945312e+00	6.021729e-01	
481	-1.943359e+00	6.009521e-01	
482	-1.943604e+00	6.037598e-01	
483	-1.938477e+00	6.069336e-01	
484	-1.940430e+00	6.075439e-01	
485	-1.937256e+00	6.066895e-01	
486	-1.941162e+00	6.033936e-01	
487	-1.942627e+00	6.048584e-01	
488	-1.940674e+00	6.030273e-01	
489	-1.944580e+00	6.021729e-01	
490	-1.941162e+00	6.015625e-01	
491	-1.940674e+00	6.036377e-01	
492	-1.935791e+00	6.040039e-01	
493	-1.933594e+00	6.021729e-01	
494	-1.941406e+00	6.046143e-01	
495	-1.943359e+00	6.038818e-01	
496	-1.940186e+00	6.035156e-01	
497	-1.944580e+00	6.015625e-01	
498	-1.941650e+00	6.002197e-01	
499	-1.949951e+00	6.032715e-01	
500	-1.941895e+00	6.036377e-01	
501	-1.941895e+00	6.037598e-01	
502	-1.943604e+00	5.993652e-01	
503	-1.945068e+00	6.002197e-01	
504	-1.944824e+00	5.987549e-01	
505	-1.938477e+00	6.011963e-01	
506	-1.944092e+00	6.007080e-01	
507	-1.940186e+00	5.982666e-01	
508	-1.943359e+00	6.013184e-01	
509	-1.944092e+00	6.040039e-01	
510	-1.945312e+00	6.037598e-01	
511	-1.942627e+00	6.042480e-01	
512	-1.944580e+00	6.062012e-01	
513	-1.942627e+00	6.060791e-01	
514	-1.941162e+00	6.064453e-01	
515	-1.945068e+00	6.070557e-01	
516	-1.943115e+00	6.068115e-01	
517	-1.943848e+00	6.101074e-01	
518	-1.945557e+00	6.113281e-01	
519	-1.944824e+00	6.109619e-01	
520	-1.943115e+00	6.115723e-01	
521	-1.941406e+00	6.076660e-01	
522	-1.943848e+00	6.065674e-01	
523	-1.945801e+00	6.076660e-01	
524	-1.940674e+00	6.094971e-01	
525	-1.946289e+00	6.127930e-01	
526	-1.946533e+00	6.140137e-01	
527	-1.941406e+00	6.113281e-01	
528	-1.939209e+00	6.102295e-01	
529	-1.943115e+00	6.088867e-01	
530	-1.939941e+00	6.060791e-01	
531	-1.939697e+00	6.046143e-01	
532	-1.946045e+00	6.037598e-01	
533	-1.941406e+00	6.049805e-01	
534	-1.945557e+00	6.059570e-01	
535	-1.942139e+00	6.046143e-01	
536	-1.945312e+00	6.075439e-01	
537	-1.943848e+00	6.055908e-01	
538	-1.936523e+00	6.043701e-01	
539	-1.941406e+00	6.031494e-01	
540	-1.941895e+00	6.029053e-01	
541	-1.941895e+00	6.003418e-01	
542	-1.944824e+00	6.022949e-01	
543	-1.942871e+00	5.994873e-01	
544	-1.941650e+00	5.994873e-01	
545	-1.945557e+00	5.983887e-01	
546	-1.944092e+00	5.981445e-01	
547	-1.947266e+00	5.979004e-01	
548	-1.945312e+00	5.985107e-01	
549	-1.945312e+00	6.018066e-01	
550	-1.940918e+00	6.005859e-01	
551	-1.946533e+00	6.033936e-01	
552	-1.941895e+00	5.996094e-01	
553	-1.944092e+00	6.016846e-01	
554	-1.947510e+00	6.031494e-01	
555	-1.945068e+00	6.024170e-01	
556	-1.947266e+00	6.059570e-01	
557	-1.940674e+00	6.063232e-01	
558	-1.945801e+00	6.082764e-01	
559	-1.944092e+00	6.098633e-01	
560	-1.941162e+00	6.113281e-01	
561	-1.943359e+00	6.119385e-01	
562	-1.943359e+00	6.088867e-01	
563	-1.946289e+00	6.099854e-01	
564	-1.947266e+00	6.090088e-01	
565	-1.939453e+00	6.077881e-01	
566	-1.943115e+00	6.091309e-01	
567	-1.946289e+00	6.138916e-01	
568	-1.944092e+00	6.118164e-01	
569	-1.944824e+00	6.108398e-01	
570	-1.948242e+00	6.124268e-01	
571	-1.942383e+00	6.105957e-01	
572	-1.944824e+00	6.136475e-01	
573	-1.943604e+00	6.135254e-01	
574	-1.945068e+00	6.142578e-01	
575	-1.950195e+00	6.143799e-01	
576	-1.941895e+00	6.137695e-01	
577	-1.947998e+00	6.170654e-01	
578	-1.945801e+00	6.142578e-01	
579	-1.948486e+00	6.154785e-01	
580	-1.945801e+00	6.135254e-01	
581	-1.949951e+00	6.130371e-01	
582	-1.946777e+00	6.134033e-01	
583	-1.948242e+00	6.143799e-01	
584	-1.945312e+00	6.165771e-01	
585	-1.944824e+00	6.196289e-01	
586	-1.944336e+00	6.195068e-01	
587	-1.948486e+00	6.193848e-01	
588	-1.947266e+00	6.202393e-01	
589	-1.947266e+00	6.206055e-01	
590	-1.948730e+00	6.212158e-01	
591	-1.948975e+00	6.228027e-01	
592	-1.947021e+00	6.207275e-01	
593	-1.945312e+00	6.197510e-01	
594	-1.948975e+00	6.229248e-01	
595	-1.949707e+00	6.257324e-01	
596	-1.946045e+00	6.240234e-01	
597	-1.950195e+00	6.251221e-01	
598	-1.946533e+00	6.265869e-01	
599	-1.944336e+00	6.273193e-01	
600	-1.947998e+00	6.260986e-01	
601	-1.947754e+00	6.252441e-01	
602	-1.942139e+00	6.252441e-01	
603	-1.949951e+00	6.264648e-01	
604	-1.948975e+00	6.279297e-01	
605	-1.947998e+00	6.280518e-01	
606	-1.947998e+00	6.260986e-01	
607	-1.944824e+00	6.268311e-01	
608	-1.948242e+00	6.304932e-01	
609	-1.948486e+00	6.291504e-01	
610	-1.948486e+00	6.273193e-01	
611	-1.949951e+00	6.309814e-01	
612	-1.948242e+00	6.324463e-01	
613	-1.952393e+00	6.331787e-01	
614	-1.946533e+00	6.326904e-01	
615	-1.942383e+00	6.330566e-01	
616	-1.945068e+00	6.361084e-01	
617	-1.950928e+00	6.354980e-01	
618	-1.950439e+00	6.357422e-01	
619	-1.948730e+00	6.354980e-01	
620	-1.948242e+00	6.381836e-01	
621	-1.950684e+00	6.380615e-01	
622	-1.950684e+00	6.389160e-01	
623	-1.946289e+00	6.400146e-01	
624	-1.947754e+00	6.389160e-01	
625	-1.947754e+00	6.395264e-01	
626	-1.946289e+00	6.414795e-01	
627	-1.949219e+00	6.425781e-01	
628	-1.950439e+00	6.433105e-01	
629	-1.943848e+00	6.420898e-01	
630	-1.948242e+00	6.458740e-01	
631	-1.942871e+00	6.463623e-01	
632	-1.950439e+00	6.477051e-01	
633	-1.944580e+00	6.491699e-01	
634	-1.946045e+00	6.517334e-01	
635	-1.945312e+00	6.507568e-01	
636	-1.948975e+00	6.545410e-01	
637	-1.948242e+00	6.567383e-01	
638	-1.948975e+00	6.589355e-01	
639	-1.950684e+00	6.616211e-01	
640	-1.952393e+00	6.606445e-01	
641	-1.940674e+00	6.589355e-01	
642	-1.947021e+00	6.633301e-01	
643	-1.952393e+00	6.644287e-01	
644	-1.948242e+00	6.630859e-01	
645	-1.953369e+00	6.652832e-01	
646	-1.948975e+00	6.632080e-01	
647	-1.951416e+00	6.672363e-01	
648	-1.946289e+00	6.654053e-01	
649	-1.952637e+00	6.682129e-01	
650	-1.951660e+00	6.700439e-01	
651	-1.946777e+00	6.718750e-01	
652	-1.949951e+00	6.726074e-01	
653	-1.955566e+00	6.741943e-01	
654	-1.956055e+00	6.733398e-01	
655	-1.951660e+00	6.721191e-01	
656	-1.950928e+00	6.710205e-01	
657	-1.948975e+00	6.699219e-01	
658	-1.949219e+00	6.702881e-01	
659	-1.948975e+00	6.710205e-01	
660	-1.951416e+00	6.715088e-01	
661	-1.956543e+00	6.744385e-01	
662	-1.948242e+00	6.733398e-01	
663	-1.949707e+00	6.734619e-01	
664	-1.951416e+00	6.706543e-01	
665	-1.951416e+00	6.705322e-01	
666	-1.948975e+00	6.721191e-01	
667	-1.954346e+00	6.745605e-01	
668	-1.952393e+00	6.740723e-01	
669	-1.950928e+00	6.746826e-01	
670	-1.949463e+00	6.757812e-01	
671	-1.950195e+00	6.759033e-01	
672	-1.949951e+00	6.759033e-01	
673	-1.949463e+00	6.763916e-01	
674	-1.952393e+00	6.778564e-01	
675	-1.953857e+00	6.789551e-01	
676	-1.946289e+00	6.787109e-01	
677	-1.942627e+00	6.795654e-01	
678	-1.953125e+00	6.802979e-01	
679	-1.955322e+00	6.790771e-01	
680	-1.952637e+00	6.781006e-01	
681	-1.950439e+00	6.772461e-01	
682	-1.951416e+00	6.771240e-01	
683	-1.953125e+00	6.783447e-01	
684	-1.953613e+00	6.815186e-01	
685	-1.951172e+00	6.796875e-01	
686	-1.949463e+00	6.832275e-01	
687	-1.949219e+00	6.813965e-01	
688	-1.948975e+00	6.818848e-01	
689	-1.954834e+00	6.837158e-01	
690	-1.949707e+00	6.849365e-01	
691	-1.951660e+00	6.848145e-01	
692	-1.948730e+00	6.842041e-01	
693	-1.956299e+00	6.883545e-01	
694	-1.955322e+00	6.920166e-01	
695	-1.951172e+00	6.925049e-01	
696	-1.950928e+00	6.925049e-01	
697	-1.953857e+00	6.934814e-01	
698	-1.956787e+00	6.958008e-01	
699	-1.955078e+00	6.967773e-01	
700	-1.949951e+00	6.936035e-01	
701	-1.955322e+00	6.956787e-01	
702	-1.948730e+00	6.950684e-01	
703	-1.954346e+00	6.984863e-01	
704	-1.947021e+00	6.960449e-01	
705	-1.951172e+00	6.942139e-01	
706	-1.949951e+00	6.961670e-01	
707	-1.945801e+00	6.931152e-01	
708	-1.952393e+00	6.931152e-01	
709	-1.950439e+00	6.914062e-01	
710	-1.950439e+00	6.928711e-01	
711	-1.950684e+00	6.933594e-01	
712	-1.949707e+00	6.915283e-01	
713	-1.953857e+00	6.929932e-01	
714	-1.956787e+00	6.934814e-01	
715	-1.951172e+00	6.962891e-01	
716	-1.947021e+00	6.899414e-01	
717	-1.954590e+00	6.944580e-01	
718	-1.956543e+00	6.978760e-01	
719	-1.951660e+00	6.976318e-01	
720	-1.951904e+00	6.979980e-01	
721	-1.957031e+00	6.975098e-01	
722	-1.953857e+00	6.968994e-01	
723	-1.947021e+00	6.945801e-01	
724	-1.952637e+00	6.929932e-01	
725	-1.948975e+00	6.927490e-01	
726	-1.952637e+00	6.947021e-01	
727	-1.956055e+00	6.939697e-01	
728	-1.943115e+00	6.910400e-01	
729	-1.950439e+00	6.927490e-01	
730	-1.949707e+00	6.927490e-01	
731	-1.952881e+00	6.938477e-01	
732	-1.953613e+00	6.948242e-01	
733	-1.954102e+00	6.959229e-01	
734	-1.949219e+00	6.960449e-01	
735	-1.944092e+00	6.967773e-01	
736	-1.950195e+00	6.983643e-01	
737	-1.950439e+00	6.973877e-01	
738	-1.951172e+00	6.967773e-01	
739	-1.952881e+00	6.982422e-01	
740	-1.954346e+00	6.984863e-01	
741	-1.956299e+00	7.001953e-01	
742	-1.958008e+00	6.988525e-01	
743	-1.953125e+00	6.956787e-01	
744	-1.958740e+00	6.983643e-01	
745	-1.955322e+00	7.014160e-01	
746	-1.952881e+00	7.042236e-01	
747	-1.946533e+00	7.003174e-01	
748	-1.951172e+00	7.030029e-01	
749	-1.946777e+00	7.016602e-01	
750	-1.946533e+00	7.042236e-01	
751	-1.954590e+00	7.097168e-01	
752	-1.951904e+00	7.089844e-01	
753	-1.959717e+00	7.114258e-01	
754	-1.957275e+00	7.126465e-01	
755	-1.955566e+00	7.130127e-01	
756	-1.956543e+00	7.132568e-01	
757	-1.954590e+00	7.135010e-01	
758	-1.952881e+00	7.150879e-01	
759	-1.958008e+00	7.149658e-01	
760	-1.956055e+00	7.135010e-01	
761	-1.956543e+00	7.153320e-01	
762	-1.957764e+00	7.154541e-01	
763	-1.954590e+00	7.171631e-01	
764	-1.954346e+00	7.171631e-01	
765	-1.954834e+00	7.182617e-01	
766	-1.950928e+00	7.192383e-01	
767	-1.957031e+00	7.203369e-01	
768	-1.958496e+00	7.192383e-01	
769	-1.958740e+00	7.191162e-01	
770	-1.954346e+00	7.165527e-01	
771	-1.949951e+00	7.174072e-01	
772	-1.953857e+00	7.177734e-01	
773	-1.946045e+00	7.172852e-01	
774	-1.958740e+00	7.216797e-01	
775	-1.958984e+00	7.238770e-01	
776	-1.955322e+00	7.214355e-01	
777	-1.953857e+00	7.188721e-01	
778	-1.957031e+00	7.200928e-01	
779	-1.948975e+00	7.198486e-01	
780	-1.949951e+00	7.200928e-01	
781	-1.959717e+00	7.244873e-01	
782	-1.952637e+00	7.244873e-01	
783	-1.952148e+00	7.257080e-01	
784	-1.952881e+00	7.244873e-01	
785	-1.950195e+00	7.243652e-01	
786	-1.951660e+00	7.250977e-01	
787	-1.957031e+00	7.274170e-01	
788	-1.953369e+00	7.271729e-01	
789	-1.955322e+00	7.253418e-01	
790	-1.957031e+00	7.258301e-01	
791	-1.956055e+00	7.243652e-01	
792	-1.951660e+00	7.238770e-01	
793	-1.952881e+00	7.260742e-01	
794	-1.949951e+00	7.259521e-01	
795	-1.953369e+00	7.271729e-01	
796	-1.951416e+00	7.265625e-01	
797	-1.952393e+00	7.303467e-01	
798	-1.956543e+00	7.349854e-01	
799	-1.959961e+00	7.377930e-01	
800	-1.954102e+00	7.351074e-01	
801	-1.956787e+00	7.395020e-01	
802	-1.951172e+00	7.359619e-01	
803	-1.954834e+00	7.368164e-01	
804	-1.960449e+00	7.401123e-01	
805	-1.958008e+00	7.388916e-01	
806	-1.961182e+00	7.381592e-01	
807	-1.955078e+00	7.351074e-01	
808	-1.954834e+00	7.327881e-01	
809	-1.953369e+00	7.312012e-01	
810	-1.957520e+00	7.307129e-01	
811	-1.953369e+00	7.330322e-01	
812	-1.952393e+00	7.331543e-01	
813	-1.954834e+00	7.330322e-01	
814	-1.954834e+00	7.326660e-01	
815	-1.957275e+00	7.340088e-01	
816	-1.955811e+00	7.301025e-01	
817	-1.953613e+00	7.307129e-01	
818	-1.958496e+00	7.316895e-01	
819	-1.953125e+00	7.326660e-01	
820	-1.954834e+00	7.325439e-01	
821	-1.954590e+00	7.337646e-01	
822	-1.952393e+00	7.315674e-01	
823	-1.952148e+00	7.324219e-01	
824	-1.955566e+00	7.332764e-01	
825	-1.957520e+00	7.343750e-01	
826	-1.958496e+00	7.346191e-01	
827	-1.958496e+00	7.337646e-01	
828	-1.958008e+00	7.337646e-01	
829	-1.949707e+00	7.318115e-01	
830	-1.957275e+00	7.338867e-01	
831	-1.952881e+00	7.325439e-01	
832	-1.954834e+00	7.325439e-01	
833	-1.956787e+00	7.341309e-01	
834	-1.955811e+00	7.366943e-01	
835	-1.958252e+00	7.366943e-01	
836	-1.949463e+00	7.353516e-01	
837	-1.950684e+00	7.386475e-01	
838	-1.953369e+00	7.366943e-01	
839	-1.956055e+00	7.357178e-01	
840	-1.956543e+00	7.388916e-01	
841	-1.956055e+00	7.385254e-01	
842	-1.950928e+00	7.354736e-01	
843	-1.951416e+00	7.358398e-01	
844	-1.956543e+00	7.377930e-01	
845	-1.954590e+00	7.377930e-01	
846	-1.950439e+00	7.387695e-01	
847	-1.955322e+00	7.412109e-01	
848	-1.955566e+00	7.424316e-01	
849	-1.953369e+00	7.420654e-01	
850	-1.957031e+00	7.414551e-01	
851	-1.951660e+00	7.410889e-01	
852	-1.958496e+00	7.407227e-01	
853	-1.961670e+00	7.412109e-01	
854	-1.961182e+00	7.427979e-01	
855	-1.955322e+00	7.401123e-01	
856	-1.955322e+00	7.395020e-01	
857	-1.959717e+00	7.407227e-01	
858	-1.954346e+00	7.401123e-01	
859	-1.956299e+00	7.424316e-01	
860	-1.952881e+00	7.407227e-01	
861	-1.957764e+00	7.416992e-01	
862	-1.955566e+00	7.399902e-01	
863	-1.958984e+00	7.391357e-01	
864	-1.957275e+00	7.392578e-01	
865	-1.958740e+00	7.418213e-01	
866	-1.954834e+00	7.395020e-01	
867	-1.957520e+00	7.392578e-01	
868	-1.956787e+00	7.409668e-01	
869	-1.956787e+00	7.371826e-01	
870	-1.958252e+00	7.388916e-01	
871	-1.959717e+00	7.385254e-01	
872	-1.957275e+00	7.412109e-01	
873	-1.957520e+00	7.435303e-01	
874	-1.955811e+00	7.454834e-01	
875	-1.951660e+00	7.464600e-01	
876	-1.953857e+00	7.473145e-01	
877	-1.957031e+00	7.479248e-01	
878	-1.958008e+00	7.493896e-01	
879	-1.955811e+00	7.495117e-01	
880	-1.954102e+00	7.480469e-01	
881	-1.955322e+00	7.487793e-01	
882	-1.959229e+00	7.493896e-01	
883	-1.954590e+00	7.500000e-01	
884	-1.951904e+00	7.508545e-01	
885	-1.957764e+00	7.524414e-01	
886	-1.957520e+00	7.525635e-01	
887	-1.953613e+00	7.520752e-01	
888	-1.955566e+00	7.545166e-01	
889	-1.958496e+00	7.551270e-01	
890	-1.959717e+00	7.561035e-01	
891	-1.956055e+00	7.581787e-01	
892	-1.952637e+00	7.593994e-01	
893	-1.955322e+00	7.613525e-01	
894	-1.951904e+00	7.596436e-01	
895	-1.954590e+00	7.579346e-01	
896	-1.954834e+00	7.615967e-01	
897	-1.955566e+00	7.608643e-01	
898	-1.952148e+00	7.585449e-01	
899	-1.958984e+00	7.608643e-01	
900	-1.959717e+00	7.628174e-01	
901	-1.956543e+00	7.620850e-01	
902	-1.958496e+00	7.633057e-01	
903	-1.959717e+00	7.647705e-01	
904	-1.960205e+00	7.653809e-01	
905	-1.959961e+00	7.664795e-01	
906	-1.960205e+00	7.667236e-01	
907	-1.957764e+00	7.647705e-01	
908	-1.952881e+00	7.612305e-01	
909	-1.958008e+00	7.598877e-01	
910	-1.954834e+00	7.595215e-01	
911	-1.953857e+00	7.607422e-01	
912	-1.951172e+00	7.597656e-01	
913	-1.958252e+00	7.607422e-01	
914	-1.956055e+00	7.596436e-01	
915	-1.954590e+00	7.564697e-01	
916	-1.953613e+00	7.540283e-01	
917	-1.959961e+00	7.573242e-01	
918	-1.954346e+00	7.572021e-01	
919	-1.954590e+00	7.590332e-01	
920	-1.950684e+00	7.580566e-01	
921	-1.955811e+00	7.603760e-01	
922	-1.958008e+00	7.581787e-01	
923	-1.957275e+00	7.584229e-01	
924	-1.958496e+00	7.590332e-01	
925	-1.960938e+00	7.615967e-01	
926	-1.960205e+00	7.640381e-01	
927	-1.955078e+00	7.614746e-01	
928	-1.957275e+00	7.619629e-01	
929	-1.955322e+00	7.611084e-01	
930	-1.954102e+00	7.620850e-01	
931	-1.952637e+00	7.613525e-01	
932	-1.955322e+00	7.612305e-01	
933	-1.950439e+00	7.628174e-01	
934	-1.956543e+00	7.615967e-01	
935	-1.958252e+00	7.634277e-01	
936	-1.962646e+00	7.622070e-01	
937	-1.961426e+00	7.585449e-01	
938	-1.959229e+00	7.576904e-01	
939	-1.957031e+00	7.596436e-01	
940	-1.956055e+00	7.570801e-01	
941	-1.957520e+00	7.607422e-01	
942	-1.958008e+00	7.604980e-01	
943	-1.958740e+00	7.593994e-01	
944	-1.954834e+00	7.592773e-01	
945	-1.956299e+00	7.625732e-01	
946	-1.960449e+00	7.600098e-01	
947	-1.959717e+00	7.602539e-01	
948	-1.957031e+00	7.613525e-01	
949	-1.957275e+00	7.600098e-01	
950	-1.955566e+00	7.613525e-01	
951	-1.956543e+00	7.626953e-01	
952	-1.954590e+00	7.625732e-01	
953	-1.958984e+00	7.614746e-01	
954	-1.958496e+00	7.629395e-01	
955	-1.959473e+00	7.639160e-01	
956	-1.954834e+00	7.622070e-01	
957	-1.956543e+00	7.657471e-01	
958	-1.955322e+00	7.637939e-01	
959	-1.957764e+00	7.689209e-01	
960	-1.955322e+00	7.706299e-01	
961	-1.957031e+00	7.720947e-01	
962	-1.961914e+00	7.700195e-01	
963	-1.961182e+00	7.709961e-01	
964	-1.959473e+00	7.702637e-01	
965	-1.957275e+00	7.661133e-01	
966	-1.960449e+00	7.681885e-01	
967	-1.959717e+00	7.695312e-01	
968	-1.957275e+00	7.705078e-01	
969	-1.957764e+00	7.719727e-01	
970	-1.957031e+00	7.749023e-01	
971	-1.954590e+00	7.749023e-01	
972	-1.958252e+00	7.762451e-01	
973	-1.955322e+00	7.752686e-01	
974	-1.953369e+00	7.738037e-01	
975	-1.959961e+00	7.740479e-01	
976	-1.955322e+00	7.757568e-01	
977	-1.958008e+00	7.755127e-01	
978	-1.958008e+00	7.761230e-01	
979	-1.956055e+00	7.741699e-01	
980	-1.952881e+00	7.722168e-01	
981	-1.953613e+00	7.735596e-01	
982	-1.957520e+00	7.746582e-01	
983	-1.958008e+00	7.768555e-01	
984	-1.954590e+00	7.753906e-01	
985	-1.957275e+00	7.745361e-01	
986	-1.958740e+00	7.761230e-01	
987	-1.963867e+00	7.775879e-01	
988	-1.956055e+00	7.746582e-01	
989	-1.952881e+00	7.745361e-01	
990	-1.956787e+00	7.775879e-01	
991	-1.958252e+00	7.774658e-01	
992	-1.959961e+00	7.775879e-01	
993	-1.956543e+00	7.767334e-01	
994	-1.956787e+00	7.730713e-01	
995	-1.959229e+00	7.751465e-01	
996	-1.957275e+00	7.753906e-01	
997	-1.959473e+00	7.750244e-01	
998	-1.957764e+00	7.733154e-01	
999	-1.959229e+00	7.755127e-01	
1000	-1.957764e+00	7.730713e-01	
1001	-1.958008e+00	7.751465e-01	
1002	-1.960938e+00	7.745361e-01	
1003	-1.960938e+00	7.768555e-01	
1004	-1.960938e+00	7.781982e-01	
1005	-1.959961e+00	7.778320e-01	
1006	-1.962646e+00	7.785645e-01	
1007	-1.961914e+00	7.777100e-01	
1008	-1.959229e+00	7.774658e-01	
1009	-1.957031e+00	7.770996e-01	
1010	-1.961182e+00	7.769775e-01	
1011	-1.954590e+00	7.749023e-01	
1012	-1.957520e+00	7.770996e-01	
1013	-1.956787e+00	7.783203e-01	
1014	-1.955811e+00	7.802734e-01	
1015	-1.954834e+00	7.796631e-01	
1016	-1.954590e+00	7.805176e-01	
1017	-1.964111e+00	7.805176e-01	
1018	-1.957031e+00	7.789307e-01	
1019	-1.955566e+00	7.792969e-01	
1020	-1.960205e+00	7.824707e-01	
1021	-1.959717e+00	7.814941e-01	
1022	-1.963379e+00	7.810059e-01	
1023	-1.955078e+00	7.811279e-01	
1024	-1.957520e+00	7.821045e-01	
1025	-1.955566e+00	7.811279e-01	
1026	-1.956299e+00	7.801514e-01	
1027	-1.958984e+00	7.823486e-01	
1028	-1.952148e+00	7.821045e-01	
1029	-1.952148e+00	7.795410e-01	
1030	-1.960938e+00	7.792969e-01	
1031	-1.959961e+00	7.786865e-01	
1032	-1.955322e+00	7.792969e-01	
1033	-1.955566e+00	7.801514e-01	
1034	-1.960449e+00	7.801514e-01	
1035	-1.961426e+00	7.790527e-01	
1036	-1.962402e+00	7.784424e-01	
1037	-1.961914e+00	7.761230e-01	
1038	-1.958984e+00	7.761230e-01	
1039	-1.956543e+00	7.749023e-01	
1040	-1.960938e+00	7.752686e-01	
1041	-1.961426e+00	7.752686e-01	
1042	-1.959229e+00	7.760010e-01	
1043	-1.961670e+00	7.792969e-01	
1044	-1.958008e+00	7.786865e-01	
1045	-1.956543e+00	7.807617e-01	
1046	-1.958496e+00	7.785645e-01	
1047	-1.959473e+00	7.790527e-01	
1048	-1.958496e+00	7.778320e-01	
1049	-1.956055e+00	7.775879e-01	
1050	-1.963135e+00	7.817383e-01	
1051	-1.957520e+00	7.791748e-01	
1052	-1.959961e+00	7.805176e-01	
1053	-1.961182e+00	7.803955e-01	
1054	-1.959473e+00	7.788086e-01	
1055	-1.958252e+00	7.785645e-01	
1056	-1.955078e+00	7.753906e-01	
1057	-1.952637e+00	7.762451e-01	
1058	-1.958984e+00	7.797852e-01	
1059	-1.958008e+00	7.785645e-01	
1060	-1.963135e+00	7.779541e-01	
1061	-1.962646e+00	7.794189e-01	
1062	-1.956055e+00	7.781982e-01	
1063	-1.954346e+00	7.761230e-01	
1064	-1.958008e+00	7.784424e-01	
1065	-1.955811e+00	7.789307e-01	
1066	-1.960205e+00	7.795410e-01	
1067	-1.959229e+00	7.789307e-01	
1068	-1.958252e+00	7.785645e-01	
1069	-1.958496e+00	7.802734e-01	
1070	-1.952881e+00	7.786865e-01	
1071	-1.956055e+00	7.801514e-01	
1072	-1.954834e+00	7.790527e-01	
1073	-1.958984e+00	7.789307e-01	
1074	-1.954102e+00	7.796631e-01	
1075	-1.960693e+00	7.817383e-01	
1076	-1.955566e+00	7.794189e-01	
1077	-1.958252e+00	7.810059e-01	
1078	-1.959717e+00	7.810059e-01	
1079	-1.956787e+00	7.805176e-01	
1080	-1.956543e+00	7.797852e-01	
1081	-1.957764e+00	7.816162e-01	
1082	-1.958740e+00	7.800293e-01	
1083	-1.956787e+00	7.808838e-01	
1084	-1.958496e+00	7.808838e-01	
1085	-1.960938e+00	7.822266e-01	
1086	-1.956543e+00	7.806396e-01	
1087	-1.959473e+00	7.803955e-01	
1088	-1.956543e+00	7.790527e-01	
1089	-1.959717e+00	7.768555e-01	
1090	-1.956543e+00	7.750244e-01	
1091	-1.962646e+00	7.752686e-01	
1092	-1.958252e+00	7.747803e-01	
1093	-1.959229e+00	7.766113e-01	
1094	-1.961182e+00	7.773438e-01	
1095	-1.957275e+00	7.766113e-01	
1096	-1.959717e+00	7.770996e-01	
1097	-1.959229e+00	7.766113e-01	
1098	-1.959229e+00	7.767334e-01	
1099	-1.957031e+00	7.778320e-01	
1100	-1.959473e+00	7.801514e-01	
1101	-1.956787e+00	7.800293e-01	
1102	-1.957031e+00	7.799072e-01	
1103	-1.957031e+00	7.814941e-01	
1104	-1.952393e+00	7.803955e-01	
1105	-1.952393e+00	7.835693e-01	
1106	-1.956299e+00	7.832031e-01	
1107	-1.956787e+00	7.844238e-01	
1108	-1.960449e+00	7.849121e-01	
1109	-1.960449e+00	7.857666e-01	
1110	-1.958252e+00	7.843018e-01	
1111	-1.954590e+00	7.835693e-01	
1112	-1.954346e+00	7.847900e-01	
1113	-1.960205e+00	7.833252e-01	
1114	-1.963379e+00	7.843018e-01	
1115	-1.956055e+00	7.814941e-01	
1116	-1.956299e+00	7.814941e-01	
1117	-1.957520e+00	7.800293e-01	
1118	-1.959229e+00	7.832031e-01	
1119	-1.959229e+00	7.874756e-01	
1120	-1.957275e+00	7.863770e-01	
1121	-1.959473e+00	7.897949e-01	
1122	-1.962402e+00	7.901611e-01	
1123	-1.960693e+00	7.911377e-01	
1124	-1.954102e+00	7.907715e-01	
1125	-1.958496e+00	7.921143e-01	
1126	-1.956299e+00	7.926025e-01	
1127	-1.957520e+00	7.922363e-01	
1128	-1.961670e+00	7.950439e-01	
1129	-1.963379e+00	7.989502e-01	
1130	-1.968018e+00	7.996826e-01	
1131	-1.960938e+00	7.991943e-01	
1132	-1.963135e+00	7.996826e-01	
1133	-1.957520e+00	7.991943e-01	
1134	-1.958252e+00	7.976074e-01	
1135	-1.954834e+00	7.983398e-01	
1136	-1.958496e+00	7.990723e-01	
1137	-1.958740e+00	8.001709e-01	
1138	-1.960693e+00	8.022461e-01	
1139	-1.962158e+00	8.011475e-01	
1140	-1.964111e+00	8.032227e-01	
1141	-1.958496e+00	8.045654e-01	
1142	-1.957764e+00	8.071289e-01	
1143	-1.962402e+00	8.077393e-01	
1144	-1.961426e+00	8.085938e-01	
1145	-1.959229e+00	8.089600e-01	
1146	-1.960693e+00	8.095703e-01	
1147	-1.956055e+00	8.081055e-01	
1148	-1.962646e+00	8.110352e-01	
1149	-1.965088e+00	8.115234e-01	
1150	-1.958496e+00	8.110352e-01	
1151	-1.957764e+00	8.101807e-01	
1152	-1.959717e+00	8.090820e-01	
1153	-1.958252e+00	8.094482e-01	
1154	-1.957275e+00	8.089600e-01	
1155	-1.960938e+00	8.071289e-01	
1156	-1.959961e+00	8.082275e-01	
1157	-1.959717e+00	8.085938e-01	
1158	-1.958496e+00	8.087158e-01	
1159	-1.960205e+00	8.071289e-01	
1160	-1.959229e+00	8.068848e-01	
1161	-1.954102e+00	8.070068e-01	
1162	-1.961670e+00	8.074951e-01	
1163	-1.957764e+00	8.083496e-01	
1164	-1.955811e+00	8.116455e-01	
1165	-1.962891e+00	8.143311e-01	
1166	-1.956543e+00	8.122559e-01	
1167	-1.959961e+00	8.126221e-01	
1168	-1.964844e+00	8.149414e-01	
1169	-1.961426e+00	8.159180e-01	
1170	-1.961914e+00	8.150635e-01	
1171	-1.959961e+00	8.151855e-01	
1172	-1.961182e+00	8.177490e-01	
1173	-1.961914e+00	8.188477e-01	
1174	-1.961670e+00	8.182373e-01	
1175	-1.961670e+00	8.175049e-01	
1176	-1.964844e+00	8.184814e-01	
1177	-1.958008e+00	8.188477e-01	
1178	-1.958252e+00	8.212891e-01	
1179	-1.957764e+00	8.232422e-01	
1180	-1.956055e+00	8.245850e-01	
1181	-1.964600e+00	8.281250e-01	
1182	-1.963623e+00	8.267822e-01	
1183	-1.959473e+00	8.267822e-01	
1184	-1.966797e+00	8.283691e-01	
1185	-1.963379e+00	8.305664e-01	
1186	-1.962158e+00	8.302002e-01	
1187	-1.959229e+00	8.303223e-01	
1188	-1.966064e+00	8.312988e-01	
1189	-1.962891e+00	8.286133e-01	
1190	-1.965088e+00	8.302002e-01	
1191	-1.959717e+00	8.283691e-01	
1192	-1.955811e+00	8.262939e-01	
1193	-1.964600e+00	8.310547e-01	
1194	-1.964600e+00	8.330078e-01	
1195	-1.960449e+00	8.347168e-01	
1196	-1.960205e+00	8.338623e-01	
1197	-1.962891e+00	8.365479e-01	
1198	-1.967041e+00	8.367920e-01	
1199	-1.961914e+00	8.337402e-01	
1200	-1.963379e+00	8.325195e-01	
1201	-1.959961e+00	8.317871e-01	
1202	-1.963135e+00	8.322754e-01	
1203	-1.962158e+00	8.316650e-01	
1204	-1.962158e+00	8.323975e-01	
1205	-1.959717e+00	8.319092e-01	
1206	-1.962158e+00	8.332520e-01	
1207	-1.963379e+00	8.350830e-01	
1208	-1.966064e+00	8.365479e-01	
1209	-1.965576e+00	8.359375e-01	
1210	-1.965088e+00	8.365479e-01	
1211	-1.960693e+00	8.359375e-01	
1212	-1.962158e+00	8.389893e-01	
1213	-1.965088e+00	8.402100e-01	
1214	-1.962891e+00	8.378906e-01	
1215	-1.964844e+00	8.383789e-01	
1216	-1.961670e+00	8.387451e-01	
1217	-1.959961e+00	8.391113e-01	
1218	-1.957764e+00	8.395996e-01	
1219	-1.968018e+00	8.416748e-01	
1220	-1.961670e+00	8.428955e-01	
1221	-1.960693e+00	8.448486e-01	
1222	-1.960938e+00	8.457031e-01	
1223	-1.960449e+00	8.460693e-01	
1224	-1.960693e+00	8.480225e-01	
1225	-1.960938e+00	8.507080e-01	
1226	-1.967529e+00	8.535156e-01	
1227	-1.966553e+00	8.530273e-01	
1228	-1.968262e+00	8.541260e-01	
1229	-1.961426e+00	8.542480e-01	
1230	-1.959961e+00	8.560791e-01	
1231	-1.962402e+00	8.565674e-01	
1232	-1.960938e+00	8.552246e-01	
1233	-1.961914e+00	8.560791e-01	
1234	-1.966309e+00	8.558350e-01	
1235	-1.959473e+00	8.557129e-01	
1236	-1.962891e+00	8.569336e-01	
1237	-1.963623e+00	8.582764e-01	
1238	-1.959229e+00	8.603516e-01	
1239	-1.964600e+00	8.618164e-01	
1240	-1.969482e+00	8.647461e-01	
1241	-1.966309e+00	8.642578e-01	
1242	-1.964111e+00	8.642578e-01	
1243	-1.963135e+00	8.663330e-01	
1244	-1.964844e+00	8.663330e-01	
1245	-1.968018e+00	8.666992e-01	
1246	-1.963867e+00	8.657227e-01	
1247	-1.962891e+00	8.658447e-01	
1248	-1.963623e+00	8.675537e-01	
1249	-1.961182e+00	8.666992e-01	
1250	-1.963379e+00	8.652344e-01	
1251	-1.963623e+00	8.671875e-01	
1252	-1.962646e+00	8.646240e-01	
1253	-1.959229e+00	8.645020e-01	
1254	-1.966797e+00	8.668213e-01	
1255	-1.970947e+00	8.697510e-01	
1256	-1.963623e+00	8.681641e-01	
1257	-1.966309e+00	8.703613e-01	
1258	-1.967041e+00	8.698730e-01	
1259	-1.960205e+00	8.690186e-01	
1260	-1.963623e+00	8.702393e-01	
1261	-1.960938e+00	8.693848e-01	
1262	-1.963623e+00	8.721924e-01	
1263	-1.961426e+00	8.718262e-01	
1264	-1.968994e+00	8.765869e-01	
1265	-1.968750e+00	8.763428e-01	
1266	-1.963867e+00	8.743896e-01	
1267	-1.965088e+00	8.756104e-01	
1268	-1.967041e+00	8.769531e-01	
1269	-1.967529e+00	8.778076e-01	
1270	-1.966797e+00	8.779297e-01	
1271	-1.965576e+00	8.781738e-01	
1272	-1.967041e+00	8.774414e-01	
1273	-1.960205e+00	8.752441e-01	
1274	-1.965576e+00	8.760986e-01	
1275	-1.963867e+00	8.770752e-01	
1276	-1.965332e+00	8.771973e-01	
1277	-1.964600e+00	8.785400e-01	
1278	-1.966064e+00	8.807373e-01	
1279	-1.966064e+00	8.791504e-01	
1280	-1.971436e+00	8.813477e-01	
1281	-1.965820e+00	8.802490e-01	
1282	-1.967529e+00	8.811035e-01	
1283	-1.964844e+00	8.818359e-01	
1284	-1.961670e+00	8.820801e-01	
1285	-1.961426e+00	8.811035e-01	
1286	-1.969238e+00	8.864746e-01	
1287	-1.971191e+00	8.880615e-01	
1288	-1.970947e+00	8.869629e-01	
1289	-1.968994e+00	8.874512e-01	
1290	-1.968994e+00	8.879395e-01	
1291	-1.961914e+00	8.840332e-01	
1292	-1.960205e+00	8.842773e-01	
1293	-1.965332e+00	8.828125e-01	
1294	-1.959717e+00	8.814697e-01	
1295	-1.961426e+00	8.819580e-01	
1296	-1.967285e+00	8.824463e-01	
1297	-1.963867e+00	8.824463e-01	
1298	-1.961670e+00	8.830566e-01	
1299	-1.963135e+00	8.850098e-01	
1300	-1.962158e+00	8.851318e-01	
1301	-1.963623e+00	8.858643e-01	
1302	-1.965820e+00	8.867188e-01	
1303	-1.967285e+00	8.894043e-01	
1304	-1.966553e+00	8.906250e-01	
1305	-1.964844e+00	8.916016e-01	
1306	-1.963379e+00	8.909912e-01	
1307	-1.962158e+00	8.913574e-01	
1308	-1.963867e+00	8.913574e-01	
1309	-1.968018e+00	8.923340e-01	
1310	-1.969727e+00	8.942871e-01	
1311	-1.960938e+00	8.912354e-01	
1312	-1.968994e+00	8.929443e-01	
1313	-1.971436e+00	8.944092e-01	
1314	-1.971436e+00	8.939209e-01	
1315	-1.971436e+00	8.948975e-01	
1316	-1.965332e+00	8.961182e-01	
1317	-1.962402e+00	8.948975e-01	
1318	-1.962891e+00	8.952637e-01	
1319	-1.965820e+00	8.972168e-01	
1320	-1.969971e+00	8.969727e-01	
1321	-1.969482e+00	8.951416e-01	
1322	-1.962646e+00	8.920898e-01	
1323	-1.968994e+00	8.919678e-01	
1324	-1.970215e+00	8.922119e-01	
1325	-1.967773e+00	8.927002e-01	
1326	-1.964600e+00	8.927002e-01	
1327	-1.973877e+00	8.950195e-01	
1328	-1.964844e+00	8.914795e-01	
1329	-1.966797e+00	8.911133e-01	
1330	-1.962158e+00	8.911133e-01	
1331	-1.964355e+00	8.919678e-01	
1332	-1.966309e+00	8.911133e-01	
1333	-1.960693e+00	8.897705e-01	
1334	-1.967285e+00	8.923340e-01	
1335	-1.970703e+00	8.945312e-01	
1336	-1.965820e+00	8.953857e-01	
1337	-1.971191e+00	8.988037e-01	
1338	-1.970215e+00	8.990479e-01	
1339	-1.965332e+00	8.964844e-01	
1340	-1.969727e+00	8.975830e-01	
1341	-1.967041e+00	8.959961e-01	
1342	-1.975098e+00	8.983154e-01	
1343	-1.968018e+00	8.964844e-01	
1344	-1.964844e+00	8.959961e-01	
1345	-1.966309e+00	8.974609e-01	
1346	-1.966553e+00	8.981934e-01	
1347	-1.971924e+00	9.003906e-01	
1348	-1.967529e+00	8.980713e-01	
1349	-1.971680e+00	8.990479e-01	
1350	-1.968750e+00	8.988037e-01	
1351	-1.968262e+00	8.989258e-01	
1352	-1.968018e+00	8.995361e-01	
1353	-1.973145e+00	9.023438e-01	
1354	-1.965820e+00	9.012451e-01	
1355	-1.971191e+00	9.041748e-01	
1356	-1.967529e+00	9.056396e-01	
1357	-1.971436e+00	9.082031e-01	
1358	-1.965088e+00	9.066162e-01	
1359	-1.969727e+00	9.095459e-01	
1360	-1.968994e+00	9.102783e-01	
1361	-1.969238e+00	9.102783e-01	
1362	-1.969727e+00	9.110107e-01	
1363	-1.965332e+00	9.107666e-01	
1364	-1.965820e+00	9.111328e-01	
1365	-1.967529e+00	9.135742e-01	
1366	-1.974121e+00	9.144287e-01	
1367	-1.969727e+00	9.156494e-01	
1368	-1.970459e+00	9.173584e-01	
1369	-1.971191e+00	9.179688e-01	
1370	-1.966797e+00	9.165039e-01	
1371	-1.967041e+00	9.167480e-01	
1372	-1.967285e+00	9.168701e-01	
1373	-1.968994e+00	9.199219e-01	
1374	-1.969238e+00	9.201660e-01	
1375	-1.965088e+00	9.204102e-01	
1376	-1.968018e+00	9.213867e-01	
1377	-1.968506e+00	9.199219e-01	
1378	-1.969727e+00	9.215088e-01	
1379	-1.971924e+00	9.226074e-01	
1380	-1.968018e+00	9.212646e-01	
1381	-1.968506e+00	9.202881e-01	
1382	-1.967041e+00	9.212646e-01	
1383	-1.965820e+00	9.241943e-01	
1384	-1.968994e+00	9.260254e-01	
1385	-1.963867e+00	9.254150e-01	
1386	-1.969727e+00	9.244385e-01	
1387	-1.968262e+00	9.245605e-01	
1388	-1.972656e+00	9.241943e-01	
1389	-1.967285e+00	9.219971e-01	
1390	-1.966797e+00	9.246826e-01	
1391	-1.970947e+00	9.254150e-01	
1392	-1.970215e+00	9.245605e-01	
1393	-1.968506e+00	9.252930e-01	
1394	-1.970703e+00	9.265137e-01	
1395	-1.965332e+00	9.240723e-01	
1396	-1.967285e+00	9.248047e-01	
1397	-1.966309e+00	9.244385e-01	
1398	-1.968262e+00	9.273682e-01	
1399	-1.964355e+00	9.273682e-01	
1400	-1.973145e+00	9.287109e-01	
1401	-1.966797e+00	9.267578e-01	
1402	-1.973145e+00	9.279785e-01	
1403	-1.967529e+00	9.259033e-01	
1404	-1.969238e+00	9.271240e-01	
1405	-1.974854e+00	9.304199e-01	
1406	-1.975342e+00	9.310303e-01	
1407	-1.972168e+00	9.293213e-01	
1408	-1.970459e+00	9.289551e-01	
1409	-1.969727e+00	9.271240e-01	
1410	-1.968994e+00	9.266357e-01	
1411	-1.968994e+00	9.265137e-01	
1412	-1.969238e+00	9.268799e-01	
1413	-1.968262e+00	9.274902e-01	
1414	-1.970459e+00	9.255371e-01	
1415	-1.971680e+00	9.262695e-01	
1416	-1.968994e+00	9.250488e-01	
1417	-1.968018e+00	9.272461e-01	
1418	-1.966797e+00	9.279785e-01	
1419	-1.969971e+00	9.285889e-01	
1420	-1.967529e+00	9.287109e-01	
1421	-1.973633e+00	9.306641e-01	
1422	-1.969238e+00	9.317627e-01	
1423	-1.972412e+00	9.339600e-01	
1424	-1.968262e+00	9.333496e-01	
1425	-1.967041e+00	9.338379e-01	
1426	-1.969971e+00	9.345703e-01	
1427	-1.973633e+00	9.345703e-01	
1428	-1.971680e+00	9.340820e-01	
1429	-1.970459e+00	9.333496e-01	
1430	-1.969727e+00	9.323730e-01	
1431	-1.971924e+00	9.334717e-01	
1432	-1.966553e+00	9.306641e-01	
1433	-1.969727e+00	9.315186e-01	
1434	-1.973145e+00	9.312744e-01	
1435	-1.976074e+00	9.323730e-01	
1436	-1.975098e+00	9.332275e-01	
1437	-1.974609e+00	9.324951e-01	
1438	-1.971924e+00	9.326172e-01	
1439	-1.966064e+00	9.299316e-01	
1440	-1.971680e+00	9.320068e-01	
1441	-1.965820e+00	9.309082e-01	
1442	-1.967041e+00	9.311523e-01	
1443	-1.971924e+00	9.316406e-01	
1444	-1.965088e+00	9.321289e-01	
1445	-1.969238e+00	9.328613e-01	
1446	-1.968506e+00	9.327393e-01	
1447	-1.968994e+00	9.359131e-01	
1448	-1.975098e+00	9.365234e-01	
1449	-1.971680e+00	9.356689e-01	
1450	-1.972656e+00	9.361572e-01	
1451	-1.976074e+00	9.371338e-01	
1452	-1.969482e+00	9.351807e-01	
1453	-1.972168e+00	9.360352e-01	
1454	-1.969727e+00	9.348145e-01	
1455	-1.973389e+00	9.356689e-01	
1456	-1.967773e+00	9.346924e-01	
1457	-1.974365e+00	9.365234e-01	
1458	-1.972656e+00	9.361572e-01	
1459	-1.972656e+00	9.373779e-01	
1460	-1.972900e+00	9.390869e-01	
1461	-1.971680e+00	9.389648e-01	
1462	-1.971191e+00	9.407959e-01	
1463	-1.969971e+00	9.403076e-01	
1464	-1.973877e+00	9.415283e-01	
1465	-1.972656e+00	9.412842e-01	
1466	-1.971924e+00	9.405518e-01	
1467	-1.971680e+00	9.417725e-01	
1468	-1.974609e+00	9.421387e-01	
1469	-1.970215e+00	9.403076e-01	
1470	-1.967773e+00	9.385986e-01	
1471	-1.967041e+00	9.377441e-01	
1472	-1.965576e+00	9.368896e-01	
1473	-1.970703e+00	9.370117e-01	
1474	-1.967529e+00	9.366455e-01	
1475	-1.974365e+00	9.372559e-01	
1476	-1.971191e+00	9.375000e-01	
1477	-1.973633e+00	9.376221e-01	
1478	-1.972900e+00	9.377441e-01	
1479	-1.975342e+00	9.388428e-01	
1480	-1.975342e+00	9.403076e-01	
1481	-1.971436e+00	9.415283e-01	
1482	-1.971436e+00	9.427490e-01	
1483	-1.974365e+00	9.431152e-01	
1484	-1.975342e+00	9.437256e-01	
1485	-1.972412e+00	9.438477e-01	
1486	-1.973877e+00	9.459229e-01	
1487	-1.970703e+00	9.448242e-01	
1488	-1.966553e+00	9.444580e-01	
1489	-1.978760e+00	9.475098e-01	
1490	-1.974609e+00	9.460449e-01	
1491	-1.970215e+00	9.445801e-01	
1492	-1.970459e+00	9.444580e-01	
1493	-1.968994e+00	9.445801e-01	
1494	-1.977539e+00	9.475098e-01	
1495	-1.971680e+00	9.460449e-01	
1496	-1.969482e+00	9.475098e-01	
1497	-1.971680e+00	9.501953e-01	
1498	-1.976807e+00	9.516602e-01	
1499	-1.973145e+00	9.514160e-01	
1500	-1.967529e+00	9.505615e-01	
1501	-1.972900e+00	9.511719e-01	
1502	-1.976318e+00	9.527588e-01	
1503	-1.975342e+00	9.543457e-01	
1504	-1.971680e+00	9.543457e-01	
1505	-1.975830e+00	9.549561e-01	
1506	-1.971191e+00	9.549561e-01	
1507	-1.969238e+00	9.569092e-01	
1508	-1.974365e+00	9.573975e-01	
1509	-1.974121e+00	9.575195e-01	
1510	-1.975342e+00	9.578857e-01	
1511	-1.976074e+00	9.581299e-01	
1512	-1.976562e+00	9.588623e-01	
1513	-1.971436e+00	9.581299e-01	
1514	-1.978516e+00	9.610596e-01	
1515	-1.972412e+00	9.605713e-01	
1516	-1.965820e+00	9.604492e-01	
1517	-1.973145e+00	9.620361e-01	
1518	-1.978516e+00	9.641113e-01	
1519	-1.978027e+00	9.644775e-01	
1520	-1.972656e+00	9.635010e-01	
1521	-1.970703e+00	9.633789e-01	
1522	-1.972656e+00	9.631348e-01	
1523	-1.973877e+00	9.637451e-01	
1524	-1.976074e+00	9.654541e-01	
1525	-1.972412e+00	9.645996e-01	
1526	-1.974854e+00	9.654541e-01	
1527	-1.974609e+00	9.659424e-01	
1528	-1.978516e+00	9.681396e-01	
1529	-1.973389e+00	9.663086e-01	
1530	-1.976807e+00	9.666748e-01	
1531	-1.974365e+00	9.672852e-01	
1532	-1.972656e+00	9.672852e-01	
1533	-1.973877e+00	9.680176e-01	
1534	-1.977783e+00	9.698486e-01	
1535	-1.976807e+00	9.696045e-01	
1536	-1.978027e+00	9.711914e-01	
1537	-1.979248e+00	9.714355e-01	
1538	-1.979492e+00	9.724121e-01	
1539	-1.973145e+00	9.709473e-01	
1540	-1.977539e+00	9.711914e-01	
1541	-1.977783e+00	9.725342e-01	
1542	-1.977051e+00	9.714355e-01	
1543	-1.973389e+00	9.713135e-01	
1544	-1.978760e+00	9.742432e-01	
1545	-1.969971e+00	9.727783e-01	
1546	-1.974121e+00	9.722900e-01	
1547	-1.976807e+00	9.733887e-01	
1548	-1.978760e+00	9.746094e-01	
1549	-1.975830e+00	9.726562e-01	
1550	-1.979004e+00	9.739990e-01	
1551	-1.975342e+00	9.742432e-01	
1552	-1.979248e+00	9.753418e-01	
1553	-1.975342e+00	9.744873e-01	
1554	-1.975830e+00	9.748535e-01	
1555	-1.979736e+00	9.757080e-01	
1556	-1.978516e+00	9.760742e-01	
1557	-1.971924e+00	9.737549e-01	
1558	-1.977539e+00	9.755859e-01	
1559	-1.975342e+00	9.757080e-01	
1560	-1.974121e+00	9.757080e-01	
1561	-1.976074e+00	9.769287e-01	
1562	-1.978027e+00	9.787598e-01	
1563	-1.979492e+00	9.791260e-01	
1564	-1.977539e+00	9.787598e-01	
1565	-1.978760e+00	9.803467e-01	
1566	-1.977539e+00	9.793701e-01	
1567	-1.980225e+00	9.803467e-01	
1568	-1.978027e+00	9.802246e-01	
1569	-1.978027e+00	9.794922e-01	
1570	-1.976318e+00	9.783936e-01	
1571	-1.977295e+00	9.794922e-01	
1572	-1.970459e+00	9.788818e-01	
1573	-1.979248e+00	9.818115e-01	
1574	-1.978271e+00	9.814453e-01	
1575	-1.975830e+00	9.814453e-01	
1576	-1.977783e+00	9.825439e-01	
1577	-1.978760e+00	9.832764e-01	
1578	-1.979004e+00	9.846191e-01	
1579	-1.981445e+00	9.851074e-01	
1580	-1.978760e+00	9.847412e-01	
1581	-1.981201e+00	9.848633e-01	
1582	-1.976562e+00	9.846191e-01	
1583	-1.979004e+00	9.862061e-01	
1584	-1.979736e+00	9.865723e-01	
1585	-1.978271e+00	9.871826e-01	
1586	-1.981445e+00	9.882812e-01	
1587	-1.979980e+00	9.893799e-01	
1588	-1.980713e+00	9.888916e-01	
1589	-1.982910e+00	9.899902e-01	
1590	-1.985596e+00	9.906006e-01	
1591	-1.984375e+00	9.918213e-01	
1592	-1.983398e+00	9.918213e-01	
1593	-1.980957e+00	9.909668e-01	
1594	-1.978516e+00	9.907227e-01	
1595	-1.981445e+00	9.916992e-01	
1596	-1.986084e+00	9.929199e-01	
1597	-1.984375e+00	9.924316e-01	
1598	-1.983643e+00	9.929199e-01	
1599	-1.982178e+00	9.930420e-01	
1600	-1.983643e+00	9.943848e-01	
1601	-1.980225e+00	9.940186e-01	
1602	-1.982178e+00	9.952393e-01	
1603	-1.983398e+00	9.956055e-01	
1604	-1.987061e+00	9.964600e-01	
1605	-1.985107e+00	9.956055e-01	
1606	-1.984375e+00	9.959717e-01	
1607	-1.988037e+00	9.969482e-01	
1608	-1.983887e+00	9.959717e-01	
1609	-1.982422e+00	9.949951e-01	
1610	-1.983643e+00	9.958496e-01	
1611	-1.982666e+00	9.956055e-01	
1612	-1.984619e+00	9.959717e-01	
1613	-1.983887e+00	9.958496e-01	
1614	-1.986328e+00	9.964600e-01	
1615	-1.986084e+00	9.962158e-01	
1616	-1.989990e+00	9.974365e-01	
1617	-1.985107e+00	9.960938e-01	
1618	-1.985840e+00	9.963379e-01	
1619	-1.980957e+00	9.949951e-01	
1620	-1.989746e+00	9.973145e-01	
1621	-1.986328e+00	9.964600e-01	
1622	-1.984131e+00	9.959717e-01	
1623	-1.979980e+00	9.946289e-01	
1624	-1.984863e+00	9.960938e-01	
1625	-1.987061e+00	9.967041e-01	
1626	-1.982910e+00	9.954834e-01	
1627	-1.987793e+00	9.969482e-01	
1628	-1.978271e+00	9.942627e-01	
1629	-1.987793e+00	9.968262e-01	
1630	-1.986328e+00	9.963379e-01	
1631	-1.983887e+00	9.958496e-01	
1632	-1.986328e+00	9.965820e-01	
1633	-1.989258e+00	9.973145e-01	
1634	-1.984619e+00	9.958496e-01	
1635	-1.983887e+00	9.956055e-01	
1636	-1.983643e+00	9.956055e-01	
1637	-1.983398e+00	9.956055e-01	
1638	-1.983154e+00	9.956055e-01	
1639	-1.988525e+00	9.970703e-01	
1640	-1.983887e+00	9.958496e-01	
1641	-1.989746e+00	9.974365e-01	
1642	-1.990967e+00	9.976807e-01	
1643	-1.990723e+00	9.975586e-01	
1644	-1.987061e+00	9.967041e-01	
1645	-1.986816e+00	9.967041e-01	
1646	-1.982422e+00	9.954834e-01	
1647	-1.985840e+00	9.963379e-01	
1648	-1.982666e+00	9.952393e-01	
1649	-1.981445e+00	9.952393e-01	
1650	-1.985596e+00	9.960938e-01	
1651	-1.983887e+00	9.958496e-01	
1652	-1.985840e+00	9.963379e-01	
1653	-1.984619e+00	9.959717e-01	
1654	-1.985107e+00	9.962158e-01	
1655	-1.983154e+00	9.957275e-01	
1656	-1.990723e+00	9.975586e-01	
1657	-1.988770e+00	9.969482e-01	
1658	-1.983643e+00	9.957275e-01	
1659	-1.983643e+00	9.958496e-01	
1660	-1.983398e+00	9.954834e-01	
1661	-1.983887e+00	9.958496e-01	
1662	-1.987305e+00	9.967041e-01	
1663	-1.979736e+00	9.947510e-01	
1664	-1.986328e+00	9.964600e-01	
1665	-1.989014e+00	9.971924e-01	
1666	-1.985840e+00	9.960938e-01	
1667	-1.983154e+00	9.954834e-01	
1668	-1.986084e+00	9.963379e-01	
1669	-1.989258e+00	9.970703e-01	
1670	-1.985107e+00	9.960938e-01	
1671	-1.981201e+00	9.949951e-01	
1672	-1.986084e+00	9.962158e-01	
1673	-1.990234e+00	9.974365e-01	
1674	-1.981689e+00	9.953613e-01	
1675	-1.984619e+00	9.960938e-01	
1676	-1.982178e+00	9.953613e-01	
1677	-1.985840e+00	9.963379e-01	
1678	-1.982178e+00	9.953613e-01	
1679	-1.984375e+00	9.959717e-01	
1680	-1.980469e+00	9.949951e-01	
1681	-1.986572e+00	9.965820e-01	
1682	-1.980957e+00	9.947510e-01	
1683	-1.988525e+00	9.965820e-01	
1684	-1.982666e+00	9.954834e-01	
1685	-1.988770e+00	9.970703e-01	
1686	-1.984619e+00	9.959717e-01	
1687	-1.979736e+00	9.947510e-01	
1688	-1.983154e+00	9.956055e-01	
1689	-1.990723e+00	9.975586e-01	
1690	-1.986572e+00	9.964600e-01	
1691	-1.987061e+00	9.967041e-01	
1692	-1.989258e+00	9.971924e-01	
1693	-1.984619e+00	9.959717e-01	
1694	-1.981689e+00	9.951172e-01	
1695	-1.983398e+00	9.954834e-01	
1696	-1.984863e+00	9.960938e-01	
1697	-1.987305e+00	9.967041e-01	
1698	-1.981934e+00	9.953613e-01	
1699	-1.983887e+00	9.959717e-01	
1700	-1.985840e+00	9.960938e-01	
1701	-1.982910e+00	9.953613e-01	
1702	-1.986328e+00	9.965820e-01	
1703	-1.981934e+00	9.952393e-01	
1704	-1.989502e+00	9.971924e-01	
1705	-1.987305e+00	9.967041e-01	
1706	-1.983154e+00	9.957275e-01	
1707	-1.984131e+00	9.958496e-01	
1708	-1.983154e+00	9.956055e-01	
1709	-1.985352e+00	9.962158e-01	
1710	-1.985596e+00	9.962158e-01	
1711	-1.980713e+00	9.947510e-01	
1712	-1.986816e+00	9.967041e-01	
1713	-1.980469e+00	9.948730e-01	
1714	-1.981445e+00	9.951172e-01	
1715	-1.983398e+00	9.954834e-01	
1716	-1.979492e+00	9.946289e-01	
1717	-1.984863e+00	9.959717e-01	
1718	-1.988770e+00	9.970703e-01	
1719	-1.983154e+00	9.957275e-01	
1720	-1.984375e+00	9.957275e-01	
1721	-1.984375e+00	9.958496e-01	
1722	-1.985840e+00	9.960938e-01	
1723	-1.982178e+00	9.953613e-01	
1724	-1.974121e+00	9.932861e-01	
1725	-1.981201e+00	9.948730e-01	
1726	-1.984375e+00	9.957275e-01	
1727	-1.984131e+00	9.957275e-01	
1728	-1.983154e+00	9.953613e-01	
1729	-1.983643e+00	9.956055e-01	
1730	-1.982910e+00	9.956055e-01	
1731	-1.988281e+00	9.970703e-01	
1732	-1.985352e+00	9.960938e-01	
1733	-1.984619e+00	9.960938e-01	
1734	-1.984619e+00	9.959717e-01	
1735	-1.986816e+00	9.965820e-01	
1736	-1.982910e+00	9.954834e-01	
1737	-1.988770e+00	9.971924e-01	
1738	-1.985352e+00	9.962158e-01	
1739	-1.982178e+00	9.953613e-01	
1740	-1.985352e+00	9.962158e-01	
1741	-1.985840e+00	9.960938e-01	
1742	-1.987305e+00	9.967041e-01	
1743	-1.986084e+00	9.963379e-01	
1744	-1.985596e+00	9.963379e-01	
1745	-1.987793e+00	9.969482e-01	
1746	-1.983154e+00	9.956055e-01	
1747	-1.985352e+00	9.962158e-01	
1748	-1.979248e+00	9.946289e-01	
1749	-1.982178e+00	9.953613e-01	
1750	-1.984863e+00	9.960938e-01	
1751	-1.986572e+00	9.963379e-01	
1752	-1.984863e+00	9.960938e-01	
1753	-1.980225e+00	9.949951e-01	
1754	-1.980957e+00	9.951172e-01	
1755	-1.984863e+00	9.960938e-01	
1756	-1.983398e+00	9.957275e-01	
1757	-1.981934e+00	9.952393e-01	
1758	-1.984375e+00	9.959717e-01	
1759	-1.977783e+00	9.941406e-01	
1760	-1.980225e+00	9.947510e-01	
1761	-1.981689e+00	9.947510e-01	
1762	-1.984863e+00	9.960938e-01	
1763	-1.985107e+00	9.960938e-01	
1764	-1.987061e+00	9.963379e-01	
1765	-1.983154e+00	9.957275e-01	
1766	-1.987305e+00	9.967041e-01	
1767	-1.987793e+00	9.968262e-01	
1768	-1.986328e+00	9.963379e-01	
1769	-1.983643e+00	9.953613e-01	
1770	-1.986328e+00	9.964600e-01	
1771	-1.983398e+00	9.958496e-01	
1772	-1.987061e+00	9.965820e-01	
1773	-1.980957e+00	9.949951e-01	
1774	-1.990234e+00	9.975586e-01	
1775	-1.984131e+00	9.958496e-01	
1776	-1.987793e+00	9.969482e-01	
1777	-1.988037e+00	9.968262e-01	
1778	-1.987305e+00	9.967041e-01	
1779	-1.984619e+00	9.956055e-01	
1780	-1.983643e+00	9.952393e-01	
1781	-1.982666e+00	9.954834e-01	
1782	-1.987549e+00	9.965820e-01	
1783	-1.982666e+00	9.952393e-01	
1784	-1.984131e+00	9.958496e-01	
1785	-1.981445e+00	9.951172e-01	
1786	-1.982422e+00	9.954834e-01	
1787	-1.986572e+00	9.965820e-01	
1788	-1.989990e+00	9.974365e-01	
1789	-1.987061e+00	9.964600e-01	
1790	-1.991455e+00	9.976807e-01	
1791	-1.989502e+00	9.973145e-01	
1792	-1.988770e+00	9.970703e-01	
1793	-1.985596e+00	9.963379e-01	
1794	-1.984131e+00	9.957275e-01	
1795	-1.981445e+00	9.949951e-01	
1796	-1.987305e+00	9.967041e-01	
1797	-1.987793e+00	9.967041e-01	
1798	-1.981689e+00	9.953613e-01	
1799	-1.985352e+00	9.962158e-01	
1800	-1.980225e+00	9.948730e-01	
1801	-1.985840e+00	9.963379e-01	
1802	-1.983154e+00	9.953613e-01	
1803	-1.988281e+00	9.969482e-01	
1804	-1.981201e+00	9.951172e-01	
1805	-1.983398e+00	9.956055e-01	
1806	-1.986816e+00	9.967041e-01	
1807	-1.985107e+00	9.962158e-01	
1808	-1.989014e+00	9.969482e-01	
1809	-1.986328e+00	9.963379e-01	
1810	-1.980469e+00	9.949951e-01	
1811	-1.986572e+00	9.965820e-01	
1812	-1.986816e+00	9.965820e-01	
1813	-1.987061e+00	9.967041e-01	
1814	-1.984131e+00	9.959717e-01	
1815	-1.982178e+00	9.954834e-01	
1816	-1.982422e+00	9.954834e-01	
1817	-1.991211e+00	9.978027e-01	
1818	-1.989990e+00	9.973145e-01	
1819	-1.983154e+00	9.957275e-01	
1820	-1.982910e+00	9.956055e-01	
1821	-1.989014e+00	9.971924e-01	
1822	-1.979980e+00	9.947510e-01	
1823	-1.985352e+00	9.963379e-01	
1824	-1.985352e+00	9.963379e-01	
1825	-1.987793e+00	9.969482e-01	
1826	-1.981689e+00	9.951172e-01	
1827	-1.985352e+00	9.959717e-01	
1828	-1.987061e+00	9.967041e-01	
1829	-1.986084e+00	9.964600e-01	
1830	-1.985107e+00	9.962158e-01	
1831	-1.982178e+00	9.952393e-01	
1832	-1.983887e+00	9.958496e-01	
1833	-1.985107e+00	9.962158e-01	
1834	-1.991211e+00	9.975586e-01	
1835	-1.987305e+00	9.967041e-01	
1836	-1.986328e+00	9.964600e-01	
1837	-1.983887e+00	9.956055e-01	
1838	-1.976074e+00	9.937744e-01	
1839	-1.982422e+00	9.954834e-01	
1840	-1.987793e+00	9.967041e-01	
1841	-1.983398e+00	9.957275e-01	
1842	-1.988037e+00	9.969482e-01	
1843	-1.982666e+00	9.954834e-01	
1844	-1.979492e+00	9.945068e-01	
1845	-1.979980e+00	9.948730e-01	
1846	-1.984619e+00	9.958496e-01	
1847	-1.984863e+00	9.957275e-01	
1848	-1.984375e+00	9.956055e-01	
1849	-1.986572e+00	9.962158e-01	
1850	-1.981445e+00	9.949951e-01	
1851	-1.978516e+00	9.942627e-01	
1852	-1.981934e+00	9.953613e-01	
1853	-1.987793e+00	9.968262e-01	
1854	-1.985107e+00	9.962158e-01	
1855	-1.986572e+00	9.965820e-01	
1856	-1.987793e+00	9.968262e-01	
1857	-1.980469e+00	9.947510e-01	
1858	-1.986572e+00	9.963379e-01	
1859	-1.983398e+00	9.953613e-01	
1860	-1.984131e+00	9.959717e-01	
1861	-1.987061e+00	9.965820e-01	
1862	-1.988525e+00	9.970703e-01	
1863	-1.989990e+00	9.974365e-01	
1864	-1.982422e+00	9.953613e-01	
1865	-1.983887e+00	9.954834e-01	
1866	-1.981445e+00	9.952393e-01	
1867	-1.986084e+00	9.964600e-01	
1868	-1.988281e+00	9.970703e-01	
1869	-1.988525e+00	9.969482e-01	
1870	-1.984375e+00	9.959717e-01	
1871	-1.980713e+00	9.947510e-01	
1872	-1.987549e+00	9.965820e-01	
1873	-1.984375e+00	9.959717e-01	
1874	-1.982910e+00	9.954834e-01	
1875	-1.983643e+00	9.957275e-01	
1876	-1.987793e+00	9.968262e-01	
1877	-1.986572e+00	9.965820e-01	
1878	-1.986572e+00	9.964600e-01	
1879	-1.981934e+00	9.953613e-01	
1880	-1.985596e+00	9.963379e-01	
1881	-1.986816e+00	9.965820e-01	
1882	-1.984375e+00	9.959717e-01	
1883	-1.989258e+00	9.973145e-01	
1884	-1.987061e+00	9.964600e-01	
1885	-1.983643e+00	9.957275e-01	
1886	-1.983887e+00	9.958496e-01	
1887	-1.984863e+00	9.960938e-01	
1888	-1.982422e+00	9.953613e-01	
1889	-1.986084e+00	9.964600e-01	
1890	-1.990234e+00	9.974365e-01	
1891	-1.985107e+00	9.960938e-01	
1892	-1.980225e+00	9.947510e-01	
1893	-1.982422e+00	9.954834e-01	
1894	-1.985107e+00	9.960938e-01	
1895	-1.986816e+00	9.965820e-01	
1896	-1.986572e+00	9.965820e-01	
1897	-1.986328e+00	9.965820e-01	
1898	-1.986084e+00	9.964600e-01	
1899	-1.987549e+00	9.967041e-01	
1900	-1.982910e+00	9.956055e-01	
1901	-1.981201e+00	9.951172e-01	
1902	-1.985352e+00	9.960938e-01	
1903	-1.986816e+00	9.964600e-01	
1904	-1.986572e+00	9.965820e-01	
1905	-1.985596e+00	9.963379e-01	
1906	-1.987549e+00	9.967041e-01	
1907	-1.989258e+00	9.971924e-01	
1908	-1.986084e+00	9.964600e-01	
1909	-1.986572e+00	9.964600e-01	
1910	-1.983154e+00	9.954834e-01	
1911	-1.985352e+00	9.962158e-01	
1912	-1.983398e+00	9.957275e-01	
1913	-1.973633e+00	9.930420e-01	
1914	-1.986816e+00	9.964600e-01	
1915	-1.986328e+00	9.964600e-01	
1916	-1.985840e+00	9.962158e-01	
1917	-1.979004e+00	9.943848e-01	
1918	-1.985840e+00	9.962158e-01	
1919	-1.987793e+00	9.969482e-01	
1920	-1.988037e+00	9.969482e-01	
1921	-1.985352e+00	9.962158e-01	
1922	-1.983643e+00	9.957275e-01	
1923	-1.985352e+00	9.962158e-01	
1924	-1.985352e+00	9.960938e-01	
1925	-1.988281e+00	9.969482e-01	
1926	-1.985107e+00	9.959717e-01	
1927	-1.981689e+00	9.952393e-01	
1928	-1.983887e+00	9.956055e-01	
1929	-1.986328e+00	9.963379e-01	
1930	-1.986572e+00	9.965820e-01	
1931	-1.981201e+00	9.951172e-01	
1932	-1.988281e+00	9.969482e-01	
1933	-1.981689e+00	9.953613e-01	
1934	-1.983643e+00	9.957275e-01	
1935	-1.982178e+00	9.952393e-01	
1936	-1.985107e+00	9.960938e-01	
1937	-1.982178e+00	9.952393e-01	
1938	-1.986572e+00	9.964600e-01	
1939	-1.982910e+00	9.956055e-01	
1940	-1.984619e+00	9.960938e-01	
1941	-1.984131e+00	9.957275e-01	
1942	-1.983887e+00	9.954834e-01	
1943	-1.985107e+00	9.962158e-01	
1944	-1.986572e+00	9.964600e-01	
1945	-1.987549e+00	9.968262e-01	
1946	-1.980225e+00	9.948730e-01	
1947	-1.985352e+00	9.960938e-01	
1948	-1.976318e+00	9.935303e-01	
1949	-1.989746e+00	9.969482e-01	
1950	-1.983887e+00	9.958496e-01	
1951	-1.980469e+00	9.946289e-01	
1952	-1.985840e+00	9.962158e-01	
1953	-1.987793e+00	9.968262e-01	
1954	-1.985596e+00	9.962158e-01	
1955	-1.985352e+00	9.962158e-01	
1956	-1.985107e+00	9.962158e-01	
1957	-1.983398e+00	9.954834e-01	
1958	-1.982910e+00	9.956055e-01	
1959	-1.982910e+00	9.956055e-01	
1960	-1.982422e+00	9.953613e-01	
1961	-1.984863e+00	9.959717e-01	
1962	-1.987549e+00	9.967041e-01	
1963	-1.985107e+00	9.960938e-01	
1964	-1.981689e+00	9.951172e-01	
1965	-1.982666e+00	9.954834e-01	
1966	-1.985596e+00	9.963379e-01	
1967	-1.984375e+00	9.958496e-01	
1968	-1.985596e+00	9.962158e-01	
1969	-1.986328e+00	9.965820e-01	
1970	-1.985840e+00	9.962158e-01	
1971	-1.981201e+00	9.951172e-01	
1972	-1.985107e+00	9.958496e-01	
1973	-1.988037e+00	9.969482e-01	
1974	-1.986816e+00	9.965820e-01	
1975	-1.983643e+00	9.956055e-01	
1976	-1.982910e+00	9.956055e-01	
1977	-1.984375e+00	9.958496e-01	
1978	-1.986084e+00	9.963379e-01	
1979	-1.985352e+00	9.962158e-01	
1980	-1.987549e+00	9.968262e-01	
1981	-1.986328e+00	9.965820e-01	
1982	-1.983887e+00	9.958496e-01	
1983	-1.985840e+00	9.964600e-01	
1984	-1.989990e+00	9.974365e-01	
1985	-1.988281e+00	9.969482e-01	
1986	-1.985596e+00	9.960938e-01	
1987	-1.984375e+00	9.959717e-01	
1988	-1.988037e+00	9.963379e-01	
1989	-1.982178e+00	9.954834e-01	
1990	-1.984619e+00	9.960938e-01	
1991	-1.985596e+00	9.963379e-01	
1992	-1.984375e+00	9.959717e-01	
1993	-1.983643e+00	9.957275e-01	
1994	-1.979492e+00	9.946289e-01	
1995	-1.985107e+00	9.962158e-01	
1996	-1.984863e+00	9.959717e-01	
1997	-1.982178e+00	9.952393e-01	
1998	-1.990967e+00	9.975586e-01	
1999	-1.985840e+00	9.963379e-01	
2000	-1.981934e+00	9.952393e-01	
2001	-1.989502e+00	9.971924e-01	
2002	-1.983398e+00	9.956055e-01	
2003	-1.986328e+00	9.963379e-01	
2004	-1.988525e+00	9.970703e-01	
2005	-1.984375e+00	9.959717e-01	
2006	-1.985840e+00	9.960938e-01	
2007	-1.988037e+00	9.969482e-01	
2008	-1.982422e+00	9.954834e-01	
2009	-1.980225e+00	9.949951e-01	
2010	-1.988770e+00	9.971924e-01	
2011	-1.983398e+00	9.957275e-01	
2012	-1.988525e+00	9.970703e-01	
2013	-1.987061e+00	9.965820e-01	
2014	-1.980469e+00	9.947510e-01	
2015	-1.985352e+00	9.957275e-01	
2016	-1.984619e+00	9.960938e-01	
2017	-1.983154e+00	9.954834e-01	
2018	-1.989746e+00	9.973145e-01	
2019	-1.986572e+00	9.964600e-01	
2020	-1.982910e+00	9.953613e-01	
2021	-1.981445e+00	9.949951e-01	
2022	-1.984619e+00	9.959717e-01	
2023	-1.986084e+00	9.962158e-01	
2024	-1.986084e+00	9.963379e-01	
2025	-1.984863e+00	9.960938e-01	
2026	-1.988037e+00	9.968262e-01	
2027	-1.988281e+00	9.969482e-01	
2028	-1.991455e+00	9.978027e-01	
2029	-1.982422e+00	9.954834e-01	
2030	-1.987549e+00	9.968262e-01	
2031	-1.987061e+00	9.967041e-01	
2032	-1.984619e+00	9.960938e-01	
2033	-1.984863e+00	9.958496e-01	
2034	-1.980225e+00	9.948730e-01	
2035	-1.983643e+00	9.954834e-01	
2036	-1.985352e+00	9.959717e-01	
2037	-1.984619e+00	9.959717e-01	
2038	-1.983398e+00	9.957275e-01	
2039	-1.984619e+00	9.959717e-01	
2040	-1.987305e+00	9.967041e-01	
2041	-1.984863e+00	9.960938e-01	
2042	-1.983398e+00	9.957275e-01	
2043	-1.985107e+00	9.960938e-01	
2044	-1.981689e+00	9.952393e-01	
2045	-1.980469e+00	9.947510e-01	
2046	-1.985352e+00	9.963379e-01	
2047	-1.987061e+00	9.967041e-01	
2048	-1.981934e+00	9.952393e-01	
2049	-1.987305e+00	9.967041e-01	
2050	-1.986572e+00	9.963379e-01	
2051	-1.980713e+00	9.951172e-01	
2052	-1.981934e+00	9.951172e-01	
2053	-1.985840e+00	9.964600e-01	
2054	-1.981689e+00	9.953613e-01	
2055	-1.979980e+00	9.948730e-01	
2056	-1.979736e+00	9.947510e-01	
2057	-1.984863e+00	9.962158e-01	
2058	-1.985352e+00	9.959717e-01	
2059	-1.981689e+00	9.953613e-01	
2060	-1.990723e+00	9.975586e-01	
2061	-1.982422e+00	9.952393e-01	
2062	-1.984375e+00	9.959717e-01	
2063	-1.981689e+00	9.952393e-01	
2064	-1.984863e+00	9.960938e-01	
2065	-1.984619e+00	9.959717e-01	
2066	-1.981934e+00	9.951172e-01	
2067	-1.984619e+00	9.959717e-01	
2068	-1.985596e+00	9.963379e-01	
2069	-1.982422e+00	9.952393e-01	
2070	-1.988525e+00	9.970703e-01	
2071	-1.982666e+00	9.954834e-01	
2072	-1.986328e+00	9.964600e-01	
2073	-1.983887e+00	9.957275e-01	
2074	-1.988037e+00	9.967041e-01	
2075	-1.989014e+00	9.971924e-01	
2076	-1.982178e+00	9.952393e-01	
2077	-1.986084e+00	9.964600e-01	
2078	-1.985840e+00	9.964600e-01	
2079	-1.982910e+00	9.954834e-01	
2080	-1.987549e+00	9.967041e-01	
2081	-1.983643e+00	9.954834e-01	
2082	-1.981201e+00	9.948730e-01	
2083	-1.983643e+00	9.954834e-01	
2084	-1.986084e+00	9.963379e-01	
2085	-1.989014e+00	9.969482e-01	
2086	-1.975586e+00	9.936523e-01	
2087	-1.983887e+00	9.956055e-01	
2088	-1.980469e+00	9.945068e-01	
2089	-1.984863e+00	9.958496e-01	
2090	-1.980713e+00	9.949951e-01	
2091	-1.980469e+00	9.949951e-01	
2092	-1.981934e+00	9.954834e-01	
2093	-1.981445e+00	9.948730e-01	
2094	-1.979004e+00	9.946289e-01	
2095	-1.984619e+00	9.959717e-01	
2096	-1.983887e+00	9.957275e-01	
2097	-1.986572e+00	9.963379e-01	
2098	-1.984619e+00	9.960938e-01	
2099	-1.983887e+00	9.958496e-01	
2100	-1.981934e+00	9.953613e-01	
2101	-1.979004e+00	9.945068e-01	
2102	-1.979004e+00	9.945068e-01	
2103	-1.988037e+00	9.969482e-01	
2104	-1.983887e+00	9.959717e-01	
2105	-1.986816e+00	9.967041e-01	
2106	-1.983643e+00	9.957275e-01	
2107	-1.983643e+00	9.958496e-01	
2108	-1.986572e+00	9.965820e-01	
2109	-1.983887e+00	9.957275e-01	
2110	-1.983154e+00	9.954834e-01	
2111	-1.982910e+00	9.953613e-01	
2112	-1.987793e+00	9.968262e-01	
2113	-1.988281e+00	9.969482e-01	
2114	-1.988525e+00	9.968262e-01	
2115	-1.989502e+00	9.973145e-01	
2116	-1.985840e+00	9.960938e-01	
2117	-1.983398e+00	9.956055e-01	
2118	-1.986084e+00	9.963379e-01	
2119	-1.987793e+00	9.968262e-01	
2120	-1.986572e+00	9.965820e-01	
2121	-1.985107e+00	9.960938e-01	
2122	-1.987793e+00	9.969482e-01	
2123	-1.982666e+00	9.954834e-01	
2124	-1.983154e+00	9.957275e-01	
2125	-1.987793e+00	9.968262e-01	
2126	-1.979492e+00	9.943848e-01	
2127	-1.985840e+00	9.962158e-01	
2128	-1.988281e+00	9.969482e-01	
2129	-1.981689e+00	9.951172e-01	
2130	-1.984131e+00	9.959717e-01	
2131	-1.985596e+00	9.960938e-01	
2132	-1.982910e+00	9.954834e-01	
2133	-1.983398e+00	9.957275e-01	
2134	-1.985107e+00	9.962158e-01	
2135	-1.987061e+00	9.967041e-01	
2136	-1.983887e+00	9.957275e-01	
2137	-1.986328e+00	9.964600e-01	
2138	-1.983398e+00	9.958496e-01	
2139	-1.985596e+00	9.962158e-01	
2140	-1.984375e+00	9.958496e-01	
2141	-1.988037e+00	9.969482e-01	
2142	-1.983643e+00	9.958496e-01	
2143	-1.981201e+00	9.951172e-01	
2144	-1.981445e+00	9.953613e-01	
2145	-1.990723e+00	9.976807e-01	
2146	-1.982666e+00	9.954834e-01	
2147	-1.989014e+00	9.970703e-01	
2148	-1.985840e+00	9.963379e-01	
2149	-1.985840e+00	9.963379e-01	
2150	-1.986572e+00	9.963379e-01	
2151	-1.978027e+00	9.942627e-01	
2152	-1.980957e+00	9.951172e-01	
2153	-1.985107e+00	9.962158e-01	
2154	-1.981689e+00	9.953613e-01	
2155	-1.986572e+00	9.963379e-01	
2156	-1.982910e+00	9.956055e-01	
2157	-1.984131e+00	9.958496e-01	
2158	-1.983643e+00	9.958496e-01	
2159	-1.982422e+00	9.953613e-01	
2160	-1.981934e+00	9.953613e-01	
2161	-1.984863e+00	9.958496e-01	
2162	-1.986816e+00	9.964600e-01	
2163	-1.980225e+00	9.947510e-01	
2164	-1.983887e+00	9.957275e-01	
2165	-1.981934e+00	9.951172e-01	
2166	-1.983154e+00	9.953613e-01	
2167	-1.979980e+00	9.947510e-01	
2168	-1.987305e+00	9.967041e-01	
2169	-1.987061e+00	9.965820e-01	
2170	-1.985352e+00	9.959717e-01	
2171	-1.986328e+00	9.963379e-01	
2172	-1.983154e+00	9.953613e-01	
2173	-1.979980e+00	9.943848e-01	
2174	-1.979248e+00	9.947510e-01	
2175	-1.981201e+00	9.951172e-01	
2176	-1.986572e+00	9.965820e-01	
2177	-1.984863e+00	9.958496e-01	
2178	-1.986328e+00	9.963379e-01	
2179	-1.980957e+00	9.946289e-01	
2180	-1.979736e+00	9.945068e-01	
2181	-1.989014e+00	9.971924e-01	
2182	-1.987305e+00	9.968262e-01	
2183	-1.983154e+00	9.954834e-01	
2184	-1.982178e+00	9.954834e-01	
2185	-1.990234e+00	9.974365e-01	
2186	-1.983643e+00	9.957275e-01	
2187	-1.988037e+00	9.968262e-01	
2188	-1.987793e+00	9.968262e-01	
2189	-1.986572e+00	9.965820e-01	
2190	-1.986084e+00	9.964600e-01	
2191	-1.985107e+00	9.962158e-01	
2192	-1.983154e+00	9.954834e-01	
2193	-1.982910e+00	9.956055e-01	
2194	-1.987305e+00	9.967041e-01	
2195	-1.981934e+00	9.953613e-01	
2196	-1.988037e+00	9.969482e-01	
2197	-1.988037e+00	9.969482e-01	
2198	-1.987305e+00	9.968262e-01	
2199	-1.986084e+00	9.963379e-01	
2200	-1.985596e+00	9.962158e-01	
2201	-1.986816e+00	9.967041e-01	
2202	-1.981934e+00	9.949951e-01	
2203	-1.981934e+00	9.952393e-01	
2204	-1.979004e+00	9.945068e-01	
2205	-1.984619e+00	9.960938e-01	
2206	-1.987305e+00	9.967041e-01	
2207	-1.987061e+00	9.965820e-01	
2208	-1.979492e+00	9.945068e-01	
2209	-1.986572e+00	9.965820e-01	
2210	-1.980957e+00	9.948730e-01	
2211	-1.986816e+00	9.965820e-01	
2212	-1.985352e+00	9.963379e-01	
2213	-1.986572e+00	9.965820e-01	
2214	-1.987061e+00	9.967041e-01	
2215	-1.985596e+00	9.963379e-01	
2216	-1.985107e+00	9.959717e-01	
2217	-1.980469e+00	9.945068e-01	
2218	-1.980713e+00	9.949951e-01	
2219	-1.985107e+00	9.960938e-01	
2220	-1.984375e+00	9.958496e-01	
2221	-1.985596e+00	9.962158e-01	
2222	-1.983154e+00	9.957275e-01	
2223	-1.986328e+00	9.965820e-01	
2224	-1.990234e+00	9.974365e-01	
2225	-1.984863e+00	9.960938e-01	
2226	-1.984131e+00	9.958496e-01	
2227	-1.984131e+00	9.958496e-01	
2228	-1.980957e+00	9.951172e-01	
2229	-1.985840e+00	9.962158e-01	
2230	-1.986084e+00	9.964600e-01	
2231	-1.982178e+00	9.953613e-01	
2232	-1.986816e+00	9.964600e-01	
2233	-1.984863e+00	9.960938e-01	
2234	-1.986816e+00	9.967041e-01	
2235	-1.984619e+00	9.957275e-01	
2236	-1.984619e+00	9.958496e-01	
2237	-1.981201e+00	9.952393e-01	
2238	-1.986816e+00	9.965820e-01	
2239	-1.988281e+00	9.970703e-01	
2240	-1.986816e+00	9.967041e-01	
2241	-1.985596e+00	9.960938e-01	
2242	-1.987061e+00	9.965820e-01	
2243	-1.986328e+00	9.964600e-01	
2244	-1.980469e+00	9.946289e-01	
2245	-1.985840e+00	9.964600e-01	
2246	-1.983643e+00	9.957275e-01	
2247	-1.984863e+00	9.962158e-01	
2248	-1.984131e+00	9.959717e-01	
2249	-1.983887e+00	9.957275e-01	
2250	-1.988770e+00	9.971924e-01	
2251	-1.982666e+00	9.953613e-01	
2252	-1.986084e+00	9.962158e-01	
2253	-1.983398e+00	9.957275e-01	
2254	-1.983887e+00	9.958496e-01	
2255	-1.990723e+00	9.976807e-01	
2256	-1.984375e+00	9.959717e-01	
2257	-1.985596e+00	9.963379e-01	
2258	-1.981689e+00	9.951172e-01	
2259	-1.984863e+00	9.962158e-01	
2260	-1.988770e+00	9.970703e-01	
2261	-1.985840e+00	9.963379e-01	
2262	-1.985840e+00	9.963379e-01	
2263	-1.988037e+00	9.968262e-01	
2264	-1.984375e+00	9.958496e-01	
2265	-1.983154e+00	9.956055e-01	
2266	-1.981934e+00	9.953613e-01	
2267	-1.984131e+00	9.958496e-01	
2268	-1.986572e+00	9.965820e-01	
2269	-1.980469e+00	9.947510e-01	
2270	-1.982178e+00	9.954834e-01	
2271	-1.986816e+00	9.967041e-01	
2272	-1.984375e+00	9.958496e-01	
2273	-1.985840e+00	9.963379e-01	
2274	-1.980957e+00	9.949951e-01	
2275	-1.984863e+00	9.959717e-01	
2276	-1.985596e+00	9.962158e-01	
2277	-1.983154e+00	9.956055e-01	
2278	-1.982422e+00	9.954834e-01	
2279	-1.982910e+00	9.956055e-01	
2280	-1.984863e+00	9.960938e-01	
2281	-1.981445e+00	9.949951e-01	
2282	-1.984375e+00	9.959717e-01	
2283	-1.983154e+00	9.953613e-01	
2284	-1.987061e+00	9.967041e-01	
2285	-1.983643e+00	9.957275e-01	
2286	-1.983154e+00	9.956055e-01	
2287	-1.981445e+00	9.951172e-01	
2288	-1.984863e+00	9.960938e-01	
2289	-1.986572e+00	9.964600e-01	
2290	-1.987793e+00	9.968262e-01	
2291	-1.983398e+00	9.956055e-01	
2292	-1.983887e+00	9.957275e-01	
2293	-1.988525e+00	9.967041e-01	
2294	-1.986084e+00	9.963379e-01	
2295	-1.983887e+00	9.958496e-01	
2296	-1.989258e+00	9.973145e-01	
2297	-1.985840e+00	9.963379e-01	
2298	-1.986816e+00	9.965820e-01	
2299	-1.986572e+00	9.964600e-01	
2300	-1.983643e+00	9.958496e-01	
2301	-1.981689e+00	9.949951e-01	
2302	-1.986328e+00	9.963379e-01	
2303	-1.988281e+00	9.969482e-01	
2304	-1.984131e+00	9.959717e-01	
2305	-1.984375e+00	9.959717e-01	
2306	-1.981689e+00	9.953613e-01	
2307	-1.986816e+00	9.965820e-01	
2308	-1.986816e+00	9.965820e-01	
2309	-1.983887e+00	9.957275e-01	
2310	-1.980225e+00	9.948730e-01	
2311	-1.985596e+00	9.962158e-01	
2312	-1.986572e+00	9.965820e-01	
2313	-1.984131e+00	9.959717e-01	
2314	-1.987305e+00	9.967041e-01	
2315	-1.984131e+00	9.954834e-01	
2316	-1.987549e+00	9.967041e-01	
2317	-1.987305e+00	9.967041e-01	
2318	-1.984131e+00	9.958496e-01	
2319	-1.985107e+00	9.960938e-01	
2320	-1.984863e+00	9.960938e-01	
2321	-1.985840e+00	9.963379e-01	
2322	-1.984375e+00	9.958496e-01	
2323	-1.979980e+00	9.947510e-01	
2324	-1.985840e+00	9.964600e-01	
2325	-1.988037e+00	9.969482e-01	
2326	-1.983398e+00	9.954834e-01	
2327	-1.984863e+00	9.959717e-01	
2328	-1.981445e+00	9.951172e-01	
2329	-1.979492e+00	9.947510e-01	
2330	-1.985352e+00	9.962158e-01	
2331	-1.984131e+00	9.958496e-01	
2332	-1.988770e+00	9.970703e-01	
2333	-1.986328e+00	9.960938e-01	
2334	-1.987061e+00	9.964600e-01	
2335	-1.985107e+00	9.960938e-01	
2336	-1.984863e+00	9.960938e-01	
2337	-1.980957e+00	9.949951e-01	
2338	-1.985840e+00	9.963379e-01	
2339	-1.986572e+00	9.965820e-01	
2340	-1.989502e+00	9.973145e-01	
2341	-1.984131e+00	9.957275e-01	
2342	-1.986084e+00	9.964600e-01	
2343	-1.983887e+00	9.958496e-01	
2344	-1.988281e+00	9.969482e-01	
2345	-1.989502e+00	9.971924e-01	
2346	-1.983643e+00	9.958496e-01	
2347	-1.980713e+00	9.949951e-01	
2348	-1.986572e+00	9.965820e-01	
2349	-1.987305e+00	9.967041e-01	
2350	-1.986328e+00	9.963379e-01	
2351	-1.981201e+00	9.949951e-01	
2352	-1.985352e+00	9.962158e-01	
2353	-1.984375e+00	9.959717e-01	
2354	-1.986328e+00	9.963379e-01	
2355	-1.980225e+00	9.945068e-01	
2356	-1.981689e+00	9.949951e-01	
2357	-1.986572e+00	9.965820e-01	
2358	-1.985107e+00	9.960938e-01	
2359	-1.984131e+00	9.958496e-01	
2360	-1.984375e+00	9.958496e-01	
2361	-1.981445e+00	9.952393e-01	
2362	-1.983154e+00	9.957275e-01	
2363	-1.986572e+00	9.964600e-01	
2364	-1.989990e+00	9.973145e-01	
2365	-1.983398e+00	9.954834e-01	
2366	-1.981445e+00	9.948730e-01	
2367	-1.981934e+00	9.948730e-01	
2368	-1.975830e+00	9.935303e-01	
2369	-1.988525e+00	9.969482e-01	
2370	-1.987305e+00	9.967041e-01	
2371	-1.989502e+00	9.973145e-01	
2372	-1.983643e+00	9.957275e-01	
2373	-1.986328e+00	9.964600e-01	
2374	-1.983887e+00	9.958496e-01	
2375	-1.986572e+00	9.960938e-01	
2376	-1.987305e+00	9.967041e-01	
2377	-1.985596e+00	9.962158e-01	
2378	-1.994629e+00	9.986572e-01	
2379	-1.990479e+00	9.975586e-01	
2380	-1.983887e+00	9.958496e-01	
2381	-1.984863e+00	9.960938e-01	
2382	-1.986572e+00	9.964600e-01	
2383	-1.986816e+00	9.967041e-01	
2384	-1.989746e+00	9.973145e-01	
2385	-1.989014e+00	9.971924e-01	
2386	-1.987061e+00	9.967041e-01	
2387	-1.989258e+00	9.973145e-01	
2388	-1.990967e+00	9.976807e-01	
2389	-1.989746e+00	9.974365e-01	
2390	-1.987305e+00	9.967041e-01	
2391	-1.982910e+00	9.956055e-01	
2392	-1.984619e+00	9.959717e-01	
2393	-1.986328e+00	9.964600e-01	
2394	-1.986816e+00	9.965820e-01	
2395	-1.984131e+00	9.958496e-01	
2396	-1.980957e+00	9.949951e-01	
2397	-1.983643e+00	9.958496e-01	
2398	-1.987793e+00	9.968262e-01	
2399	-1.986084e+00	9.963379e-01	
2400	-1.984863e+00	9.962158e-01	
2401	-1.986572e+00	9.964600e-01	
2402	-1.978027e+00	9.940186e-01	
2403	-1.984131e+00	9.956055e-01	
2404	-1.984375e+00	9.958496e-01	
2405	-1.993164e+00	9.981689e-01	
2406	-1.981445e+00	9.949951e-01	
2407	-1.988770e+00	9.969482e-01	
2408	-1.986328e+00	9.963379e-01	
2409	-1.988770e+00	9.971924e-01	
2410	-1.988770e+00	9.970703e-01	
2411	-1.980713e+00	9.948730e-01	
2412	-1.982666e+00	9.956055e-01	
2413	-1.985596e+00	9.963379e-01	
2414	-1.982178e+00	9.948730e-01	
2415	-1.984131e+00	9.959717e-01	
2416	-1.972656e+00	9.930420e-01	
2417	-1.987549e+00	9.967041e-01	
2418	-1.989258e+00	9.971924e-01	
2419	-1.988770e+00	9.970703e-01	
2420	-1.982178e+00	9.953613e-01	
2421	-1.989014e+00	9.970703e-01	
2422	-1.984375e+00	9.957275e-01	
2423	-1.985352e+00	9.960938e-01	
2424	-1.989502e+00	9.973145e-01	
2425	-1.987793e+00	9.969482e-01	
2426	-1.984619e+00	9.960938e-01	
2427	-1.980225e+00	9.948730e-01	
2428	-1.984863e+00	9.960938e-01	
2429	-1.991211e+00	9.978027e-01	
2430	-1.986084e+00	9.962158e-01	
2431	-1.985107e+00	9.962158e-01	
2432	-1.982422e+00	9.949951e-01	
2433	-1.979980e+00	9.938965e-01	
2434	-1.982666e+00	9.954834e-01	
2435	-1.983398e+00	9.954834e-01	
2436	-1.983154e+00	9.956055e-01	
2437	-1.982910e+00	9.956055e-01	
2438	-1.979248e+00	9.946289e-01	
2439	-1.979980e+00	9.946289e-01	
2440	-1.983398e+00	9.954834e-01	
2441	-1.985596e+00	9.963379e-01	
2442	-1.987549e+00	9.968262e-01	
2443	-1.984619e+00	9.958496e-01	
2444	-1.983398e+00	9.953613e-01	
2445	-1.981689e+00	9.951172e-01	
2446	-1.983398e+00	9.957275e-01	
2447	-1.986328e+00	9.964600e-01	
2448	-1.983398e+00	9.953613e-01	
2449	-1.985840e+00	9.959717e-01	
2450	-1.987061e+00	9.967041e-01	
2451	-1.987793e+00	9.965820e-01	
2452	-1.985107e+00	9.959717e-01	
2453	-1.982178e+00	9.951172e-01	
2454	-1.984863e+00	9.960938e-01	
2455	-1.988037e+00	9.969482e-01	
2456	-1.988281e+00	9.970703e-01	
2457	-1.987549e+00	9.968262e-01	
2458	-1.992188e+00	9.980469e-01	
2459	-1.986816e+00	9.965820e-01	
2460	-1.988525e+00	9.970703e-01	
2461	-1.981445e+00	9.952393e-01	
2462	-1.985352e+00	9.962158e-01	
2463	-1.989258e+00	9.971924e-01	
2464	-1.986572e+00	9.963379e-01	
2465	-1.979980e+00	9.948730e-01	
2466	-1.984863e+00	9.960938e-01	
2467	-1.987549e+00	9.968262e-01	
2468	-1.986084e+00	9.964600e-01	
2469	-1.985596e+00	9.963379e-01	
2470	-1.983887e+00	9.958496e-01	
2471	-1.988525e+00	9.969482e-01	
2472	-1.986816e+00	9.965820e-01	
2473	-1.985352e+00	9.960938e-01	
2474	-1.984131e+00	9.958496e-01	
2475	-1.985840e+00	9.963379e-01	
2476	-1.982422e+00	9.953613e-01	
2477	-1.988770e+00	9.970703e-01	
2478	-1.987061e+00	9.965820e-01	
2479	-1.984375e+00	9.960938e-01	
2480	-1.982666e+00	9.954834e-01	
2481	-1.988037e+00	9.969482e-01	
2482	-1.986084e+00	9.964600e-01	
2483	-1.988525e+00	9.970703e-01	
2484	-1.987305e+00	9.967041e-01	
2485	-1.980957e+00	9.951172e-01	
2486	-1.985596e+00	9.963379e-01	
2487	-1.985107e+00	9.962158e-01	
2488	-1.987305e+00	9.967041e-01	
2489	-1.987305e+00	9.968262e-01	
2490	-1.982422e+00	9.952393e-01	
2491	-1.986084e+00	9.960938e-01	
2492	-1.981689e+00	9.951172e-01	
2493	-1.981934e+00	9.951172e-01	
2494	-1.984131e+00	9.958496e-01	
2495	-1.981689e+00	9.953613e-01	
2496	-1.981445e+00	9.948730e-01	
2497	-1.982666e+00	9.953613e-01	
2498	-1.983643e+00	9.956055e-01	
2499	-1.988525e+00	9.968262e-01	
