# 2d Ising model
# L = 128
# method = heatbath
# beta_min = 0.2
# beta_max = 1
# N_pts_beta = 1
# h_min = 0
# h_max = 1
# N_pts_h = 1
# beta 	 e 	 m 	 |m| 	 msq 	 h 	 - 	 cV
0	-3.813477e-01	2.258301e-02	
1	-4.257812e-01	-2.197266e-03	
2	-4.404297e-01	-2.441406e-03	
3	-4.165039e-01	4.028320e-03	
4	-4.411621e-01	-5.126953e-03	
5	-4.228516e-01	1.953125e-03	
6	-4.184570e-01	-2.319336e-03	
7	-4.208984e-01	8.178711e-03	
8	-4.394531e-01	1.086426e-02	
9	-4.436035e-01	-1.477051e-02	
10	-4.399414e-01	7.934570e-03	
11	-4.284668e-01	-2.807617e-03	
12	-4.331055e-01	-3.784180e-03	
13	-4.335938e-01	3.906250e-03	
14	-4.262695e-01	9.033203e-03	
15	-4.511719e-01	1.086426e-02	
16	-4.416504e-01	1.196289e-02	
17	-4.287109e-01	-1.379395e-02	
18	-4.240723e-01	-3.173828e-03	
19	-4.443359e-01	2.185059e-02	
20	-4.514160e-01	2.136230e-02	
21	-4.436035e-01	1.135254e-02	
22	-4.218750e-01	8.544922e-04	
23	-4.194336e-01	-4.150391e-03	
24	-4.333496e-01	-1.086426e-02	
25	-4.204102e-01	5.371094e-03	
26	-4.301758e-01	3.051758e-03	
27	-4.174805e-01	-2.441406e-04	
28	-4.411621e-01	8.789062e-03	
29	-4.079590e-01	-1.489258e-02	
30	-4.299316e-01	-1.098633e-03	
31	-4.382324e-01	-5.615234e-03	
32	-4.211426e-01	-1.391602e-02	
33	-4.213867e-01	-2.343750e-02	
34	-4.311523e-01	-1.342773e-02	
35	-4.287109e-01	-6.225586e-03	
36	-4.375000e-01	3.784180e-03	
37	-4.406738e-01	1.550293e-02	
38	-4.472656e-01	9.887695e-03	
39	-4.150391e-01	-6.225586e-03	
40	-4.157715e-01	5.126953e-03	
41	-4.440918e-01	1.062012e-02	
42	-4.533691e-01	-7.934570e-03	
43	-4.353027e-01	4.394531e-03	
44	-4.323730e-01	-7.202148e-03	
45	-4.309082e-01	-4.516602e-03	
46	-4.304199e-01	-5.493164e-03	
47	-4.274902e-01	-1.123047e-02	
48	-4.167480e-01	-7.324219e-03	
49	-4.169922e-01	-1.708984e-02	
50	-4.343262e-01	-4.638672e-03	
51	-4.357910e-01	-6.225586e-03	
52	-4.370117e-01	1.000977e-02	
53	-4.133301e-01	1.696777e-02	
54	-4.282227e-01	1.403809e-02	
55	-4.208984e-01	-6.591797e-03	
56	-4.479980e-01	-2.246094e-02	
57	-4.357910e-01	-1.123047e-02	
58	-4.399414e-01	1.953125e-02	
59	-4.277344e-01	2.246094e-02	
60	-4.206543e-01	-1.916504e-02	
61	-4.311523e-01	1.098633e-03	
62	-4.165039e-01	-9.155273e-03	
63	-4.348145e-01	-1.696777e-02	
64	-4.213867e-01	-1.574707e-02	
65	-4.326172e-01	-1.916504e-02	
66	-4.348145e-01	-1.525879e-02	
67	-4.333496e-01	-1.550293e-02	
68	-4.252930e-01	-2.526855e-02	
69	-4.270020e-01	-1.525879e-02	
70	-4.287109e-01	2.685547e-03	
71	-4.538574e-01	1.708984e-03	
72	-4.189453e-01	-7.324219e-03	
73	-4.433594e-01	-5.615234e-03	
74	-4.228516e-01	1.440430e-02	
75	-4.143066e-01	1.342773e-02	
76	-4.504395e-01	-2.075195e-03	
77	-4.387207e-01	1.806641e-02	
78	-4.416504e-01	2.416992e-02	
79	-4.370117e-01	1.464844e-02	
80	-4.213867e-01	1.428223e-02	
81	-4.094238e-01	-6.347656e-03	
82	-4.436035e-01	-1.330566e-02	
83	-4.191895e-01	-3.210449e-02	
84	-4.267578e-01	-2.502441e-02	
85	-4.384766e-01	-2.807617e-03	
86	-4.111328e-01	-4.272461e-03	
87	-4.245605e-01	1.013184e-02	
88	-4.360352e-01	1.269531e-02	
89	-4.382324e-01	0.000000e+00	
90	-4.252930e-01	9.155273e-03	
91	-4.611816e-01	2.868652e-02	
92	-4.428711e-01	-4.882812e-03	
93	-4.392090e-01	-3.784180e-03	
94	-4.318848e-01	-7.080078e-03	
95	-4.084473e-01	-7.202148e-03	
96	-4.262695e-01	6.225586e-03	
97	-4.318848e-01	3.784180e-03	
98	-4.362793e-01	1.782227e-02	
99	-4.316406e-01	3.771973e-02	
100	-4.384766e-01	5.273438e-02	
101	-4.528809e-01	1.013184e-02	
102	-4.099121e-01	3.662109e-03	
103	-4.296875e-01	1.501465e-02	
104	-4.458008e-01	6.958008e-03	
105	-4.138184e-01	6.469727e-03	
106	-3.962402e-01	2.685547e-03	
107	-4.289551e-01	3.784180e-03	
108	-4.299316e-01	1.037598e-02	
109	-4.135742e-01	6.103516e-04	
110	-4.138184e-01	-5.737305e-03	
111	-4.155273e-01	2.111816e-02	
112	-4.174805e-01	1.281738e-02	
113	-4.294434e-01	3.051758e-03	
114	-4.289551e-01	1.220703e-04	
115	-4.216309e-01	-9.887695e-03	
116	-4.262695e-01	-1.953125e-03	
117	-4.123535e-01	5.371094e-03	
118	-4.377441e-01	3.027344e-02	
119	-4.116211e-01	1.892090e-02	
120	-4.182129e-01	1.525879e-02	
121	-4.406738e-01	7.202148e-03	
122	-4.123535e-01	1.281738e-02	
123	-4.306641e-01	6.958008e-03	
124	-4.340820e-01	-3.662109e-04	
125	-4.343262e-01	3.295898e-03	
126	-4.055176e-01	4.516602e-03	
127	-4.116211e-01	-6.103516e-04	
128	-4.411621e-01	2.282715e-02	
129	-4.306641e-01	5.615234e-03	
130	-4.272461e-01	3.784180e-03	
131	-4.260254e-01	-1.013184e-02	
132	-4.089355e-01	-4.882812e-04	
133	-4.243164e-01	-8.789062e-03	
134	-4.167480e-01	-8.178711e-03	
135	-4.233398e-01	-2.062988e-02	
136	-4.157715e-01	1.342773e-02	
137	-4.233398e-01	-1.269531e-02	
138	-4.318848e-01	-6.103516e-03	
139	-4.235840e-01	-9.887695e-03	
140	-4.091797e-01	-1.989746e-02	
141	-4.023438e-01	-1.831055e-03	
142	-4.125977e-01	3.662109e-04	
143	-3.994141e-01	-3.662109e-03	
144	-4.106445e-01	-1.965332e-02	
145	-4.313965e-01	-1.464844e-02	
146	-4.238281e-01	-1.660156e-02	
147	-4.208984e-01	-1.013184e-02	
148	-4.079590e-01	-8.666992e-03	
149	-4.416504e-01	-1.159668e-02	
150	-4.179688e-01	-2.307129e-02	
151	-4.355469e-01	-2.587891e-02	
152	-4.360352e-01	-1.574707e-02	
153	-4.511719e-01	-2.001953e-02	
154	-4.155273e-01	-1.074219e-02	
155	-4.426270e-01	-4.760742e-03	
156	-4.313965e-01	3.540039e-03	
157	-4.291992e-01	6.713867e-03	
158	-4.370117e-01	3.784180e-03	
159	-4.487305e-01	6.591797e-03	
160	-4.477539e-01	3.857422e-02	
161	-4.260254e-01	7.202148e-03	
162	-4.301758e-01	-1.159668e-02	
163	-4.326172e-01	-1.379395e-02	
164	-4.365234e-01	-2.075195e-03	
165	-4.284668e-01	1.538086e-02	
166	-4.162598e-01	-6.225586e-03	
167	-4.128418e-01	-1.586914e-03	
168	-4.326172e-01	-6.958008e-03	
169	-4.375000e-01	-2.685547e-03	
170	-4.377441e-01	2.441406e-03	
171	-4.394531e-01	1.916504e-02	
172	-4.333496e-01	2.441406e-02	
173	-4.260254e-01	2.673340e-02	
174	-4.184570e-01	2.941895e-02	
175	-4.265137e-01	5.859375e-03	
176	-4.426270e-01	-7.812500e-03	
177	-4.448242e-01	9.887695e-03	
178	-4.250488e-01	7.324219e-04	
179	-4.426270e-01	3.784180e-03	
180	-4.072266e-01	-1.916504e-02	
181	-4.306641e-01	-1.745605e-02	
182	-4.228516e-01	-2.062988e-02	
183	-4.072266e-01	-2.160645e-02	
184	-4.370117e-01	-9.521484e-03	
185	-4.289551e-01	1.879883e-02	
186	-4.223633e-01	2.160645e-02	
187	-4.416504e-01	1.330566e-02	
188	-4.348145e-01	-4.028320e-03	
189	-4.282227e-01	-1.953125e-03	
190	-4.033203e-01	-9.765625e-04	
191	-4.184570e-01	1.660156e-02	
192	-4.499512e-01	2.758789e-02	
193	-4.594727e-01	1.062012e-02	
194	-4.340820e-01	1.135254e-02	
195	-4.230957e-01	7.568359e-03	
196	-4.074707e-01	7.568359e-03	
197	-4.348145e-01	1.672363e-02	
198	-4.284668e-01	6.103516e-03	
199	-4.216309e-01	9.765625e-04	
200	-4.321289e-01	-2.197266e-03	
201	-4.233398e-01	4.028320e-03	
202	-4.313965e-01	3.540039e-03	
203	-4.084473e-01	9.765625e-04	
204	-3.979492e-01	-1.953125e-03	
205	-4.401855e-01	-4.882812e-04	
206	-4.255371e-01	1.586914e-03	
207	-4.260254e-01	1.342773e-03	
208	-4.282227e-01	-1.953125e-03	
209	-4.274902e-01	-1.928711e-02	
210	-4.177246e-01	-1.831055e-03	
211	-4.167480e-01	-5.859375e-03	
212	-4.409180e-01	6.347656e-03	
213	-4.379883e-01	5.615234e-03	
214	-4.331055e-01	1.525879e-02	
215	-4.382324e-01	7.568359e-03	
216	-4.343262e-01	7.324219e-03	
217	-4.174805e-01	6.591797e-03	
218	-4.194336e-01	-2.697754e-02	
219	-4.531250e-01	-1.196289e-02	
220	-4.145508e-01	1.049805e-02	
221	-4.306641e-01	2.343750e-02	
222	-4.299316e-01	1.538086e-02	
223	-4.277344e-01	1.586914e-02	
224	-4.155273e-01	-5.493164e-03	
225	-4.279785e-01	-1.611328e-02	
226	-4.372559e-01	5.249023e-03	
227	-4.365234e-01	-5.615234e-03	
228	-4.423828e-01	-3.662109e-04	
229	-4.372559e-01	-4.028320e-03	
230	-4.211426e-01	4.882812e-03	
231	-4.201660e-01	2.075195e-03	
232	-4.238281e-01	-6.225586e-03	
233	-4.211426e-01	-1.806641e-02	
234	-4.208984e-01	-1.000977e-02	
235	-4.375000e-01	1.025391e-02	
236	-4.238281e-01	1.147461e-02	
237	-4.394531e-01	-5.004883e-03	
238	-4.279785e-01	-1.208496e-02	
239	-4.497070e-01	1.220703e-03	
240	-4.680176e-01	-1.013184e-02	
241	-4.428711e-01	-6.103516e-04	
242	-4.252930e-01	-5.981445e-03	
243	-4.279785e-01	-1.098633e-03	
244	-4.458008e-01	-2.441406e-04	
245	-4.221191e-01	-1.257324e-02	
246	-4.038086e-01	-3.137207e-02	
247	-4.270020e-01	-1.831055e-02	
248	-4.108887e-01	-1.782227e-02	
249	-4.230957e-01	-2.075195e-03	
250	-4.497070e-01	-1.098633e-02	
251	-4.338379e-01	-1.708984e-02	
252	-4.091797e-01	-2.294922e-02	
253	-4.313965e-01	-3.784180e-03	
254	-4.333496e-01	2.441406e-03	
255	-4.296875e-01	1.708984e-03	
256	-4.265137e-01	1.196289e-02	
257	-4.250488e-01	1.416016e-02	
258	-4.165039e-01	-6.713867e-03	
259	-4.140625e-01	3.417969e-03	
260	-4.206543e-01	4.638672e-03	
261	-4.360352e-01	1.794434e-02	
262	-4.274902e-01	-1.489258e-02	
263	-4.111328e-01	2.319336e-03	
264	-4.306641e-01	3.051758e-03	
265	-4.199219e-01	3.015137e-02	
266	-4.020996e-01	-7.690430e-03	
267	-4.353027e-01	3.662109e-04	
268	-4.199219e-01	1.220703e-02	
269	-4.169922e-01	-6.713867e-03	
270	-4.465332e-01	-1.977539e-02	
271	-4.357910e-01	-4.882812e-04	
272	-4.301758e-01	5.981445e-03	
273	-4.306641e-01	-3.662109e-03	
274	-4.145508e-01	-1.403809e-02	
275	-4.221191e-01	-2.343750e-02	
276	-4.140625e-01	-3.662109e-03	
277	-4.262695e-01	-9.033203e-03	
278	-4.262695e-01	-1.074219e-02	
279	-4.182129e-01	-6.713867e-03	
280	-4.443359e-01	-8.911133e-03	
281	-4.360352e-01	-2.233887e-02	
282	-4.128418e-01	-4.321289e-02	
283	-4.255371e-01	-2.563477e-02	
284	-4.421387e-01	-2.709961e-02	
285	-4.243164e-01	-1.330566e-02	
286	-4.208984e-01	-1.452637e-02	
287	-4.394531e-01	-3.112793e-02	
288	-4.350586e-01	-2.014160e-02	
289	-4.277344e-01	-3.784180e-03	
290	-4.262695e-01	-5.737305e-03	
291	-4.113770e-01	4.760742e-03	
292	-4.296875e-01	1.171875e-02	
293	-4.411621e-01	4.150391e-03	
294	-4.431152e-01	1.318359e-02	
295	-4.387207e-01	-4.882812e-04	
296	-3.991699e-01	1.708984e-03	
297	-4.133301e-01	4.760742e-03	
298	-4.218750e-01	-3.173828e-03	
299	-4.394531e-01	-2.465820e-02	
300	-4.550781e-01	-1.232910e-02	
301	-4.182129e-01	-2.221680e-02	
302	-4.226074e-01	-1.843262e-02	
303	-4.147949e-01	-1.550293e-02	
304	-4.069824e-01	5.737305e-03	
305	-4.252930e-01	7.690430e-03	
306	-4.243164e-01	1.989746e-02	
307	-4.270020e-01	1.391602e-02	
308	-4.206543e-01	1.953125e-03	
309	-4.311523e-01	4.516602e-03	
310	-4.216309e-01	-1.391602e-02	
311	-4.272461e-01	6.225586e-03	
312	-4.384766e-01	4.150391e-03	
313	-4.365234e-01	2.441406e-04	
314	-4.289551e-01	1.708984e-03	
315	-4.326172e-01	-8.300781e-03	
316	-3.896484e-01	-7.568359e-03	
317	-4.157715e-01	-1.159668e-02	
318	-4.384766e-01	-1.062012e-02	
319	-4.196777e-01	-6.225586e-03	
320	-4.360352e-01	-9.155273e-03	
321	-4.262695e-01	-1.062012e-02	
322	-4.365234e-01	-1.000977e-02	
323	-4.387207e-01	1.220703e-03	
324	-4.206543e-01	-5.737305e-03	
325	-4.396973e-01	1.647949e-02	
326	-4.350586e-01	-1.586914e-03	
327	-4.243164e-01	1.428223e-02	
328	-4.426270e-01	4.394531e-03	
329	-4.147949e-01	-5.126953e-03	
330	-4.096680e-01	-7.324219e-04	
331	-4.213867e-01	-1.538086e-02	
332	-4.221191e-01	-2.978516e-02	
333	-4.340820e-01	-2.685547e-02	
334	-4.182129e-01	-4.272461e-03	
335	-4.365234e-01	6.347656e-03	
336	-4.206543e-01	2.563477e-03	
337	-4.299316e-01	-1.989746e-02	
338	-4.414062e-01	-7.446289e-03	
339	-4.458008e-01	4.638672e-03	
340	-4.318848e-01	1.013184e-02	
341	-4.213867e-01	-2.563477e-03	
342	-4.294434e-01	-1.745605e-02	
343	-4.479980e-01	-4.394531e-03	
344	-4.428711e-01	-3.662109e-04	
345	-4.289551e-01	1.342773e-03	
346	-4.309082e-01	-2.441406e-03	
347	-4.182129e-01	-2.050781e-02	
348	-4.252930e-01	-3.295898e-02	
349	-4.331055e-01	-2.551270e-02	
350	-4.406738e-01	-1.953125e-03	
351	-4.340820e-01	1.904297e-02	
352	-4.262695e-01	2.929688e-02	
353	-4.221191e-01	1.342773e-02	
354	-4.377441e-01	8.666992e-03	
355	-4.399414e-01	2.111816e-02	
356	-4.213867e-01	2.185059e-02	
357	-4.362793e-01	1.098633e-02	
358	-4.353027e-01	2.929688e-03	
359	-4.250488e-01	1.025391e-02	
360	-4.226074e-01	5.859375e-03	
361	-4.028320e-01	-1.367188e-02	
362	-4.304199e-01	-1.831055e-03	
363	-4.379883e-01	2.929688e-03	
364	-4.160156e-01	-6.347656e-03	
365	-4.326172e-01	1.953125e-03	
366	-4.416504e-01	2.563477e-03	
367	-4.367676e-01	-1.867676e-02	
368	-4.162598e-01	-2.856445e-02	
369	-4.348145e-01	-3.417969e-03	
370	-4.248047e-01	-3.906250e-03	
371	-4.284668e-01	1.550293e-02	
372	-4.238281e-01	-1.989746e-02	
373	-4.384766e-01	2.685547e-03	
374	-4.252930e-01	1.257324e-02	
375	-4.296875e-01	-1.330566e-02	
376	-4.326172e-01	1.708984e-03	
377	-4.230957e-01	-8.300781e-03	
378	-4.277344e-01	-3.784180e-03	
379	-4.357910e-01	-1.342773e-03	
380	-4.250488e-01	-1.416016e-02	
381	-4.353027e-01	-9.155273e-03	
382	-4.504395e-01	8.178711e-03	
383	-4.487305e-01	-8.422852e-03	
384	-4.343262e-01	1.708984e-03	
385	-4.389648e-01	1.110840e-02	
386	-4.370117e-01	1.391602e-02	
387	-4.252930e-01	1.599121e-02	
388	-4.348145e-01	1.513672e-02	
389	-4.299316e-01	1.281738e-02	
390	-4.226074e-01	-1.049805e-02	
391	-4.101562e-01	-3.784180e-03	
392	-4.284668e-01	-8.056641e-03	
393	-4.133301e-01	-1.879883e-02	
394	-4.162598e-01	-2.087402e-02	
395	-4.309082e-01	-2.880859e-02	
396	-4.338379e-01	-9.033203e-03	
397	-4.152832e-01	-2.563477e-02	
398	-4.357910e-01	-5.371094e-03	
399	-4.245605e-01	-3.173828e-03	
400	-4.296875e-01	1.306152e-02	
401	-4.157715e-01	8.422852e-03	
402	-4.260254e-01	2.807617e-03	
403	-4.167480e-01	1.257324e-02	
404	-4.047852e-01	1.855469e-02	
405	-4.396973e-01	3.247070e-02	
406	-4.221191e-01	2.929688e-02	
407	-4.335938e-01	4.638672e-03	
408	-4.267578e-01	1.245117e-02	
409	-4.350586e-01	1.281738e-02	
410	-4.277344e-01	-6.103516e-04	
411	-4.331055e-01	-7.934570e-03	
412	-4.343262e-01	3.295898e-03	
413	-4.252930e-01	-7.690430e-03	
414	-4.365234e-01	-6.958008e-03	
415	-4.226074e-01	1.708984e-03	
416	-4.145508e-01	-1.098633e-03	
417	-4.414062e-01	1.025391e-02	
418	-4.335938e-01	4.150391e-03	
419	-4.265137e-01	4.516602e-03	
420	-4.169922e-01	-6.225586e-03	
421	-4.287109e-01	-1.428223e-02	
422	-4.187012e-01	-9.277344e-03	
423	-4.179688e-01	-3.173828e-03	
424	-4.265137e-01	-1.000977e-02	
425	-4.174805e-01	-6.591797e-03	
426	-4.238281e-01	1.232910e-02	
427	-4.064941e-01	3.662109e-03	
428	-4.187012e-01	2.148438e-02	
429	-4.306641e-01	2.270508e-02	
430	-4.489746e-01	9.643555e-03	
431	-4.218750e-01	-1.037598e-02	
432	-4.174805e-01	-7.202148e-03	
433	-4.291992e-01	-1.098633e-03	
434	-4.418945e-01	1.586914e-03	
435	-4.208984e-01	-2.014160e-02	
436	-4.436035e-01	-1.464844e-02	
437	-4.165039e-01	-1.745605e-02	
438	-4.462891e-01	1.159668e-02	
439	-4.216309e-01	6.103516e-03	
440	-4.370117e-01	2.221680e-02	
441	-4.421387e-01	7.324219e-03	
442	-4.377441e-01	1.196289e-02	
443	-4.291992e-01	-7.690430e-03	
444	-4.272461e-01	1.562500e-02	
445	-4.072266e-01	9.765625e-03	
446	-4.458008e-01	-1.318359e-02	
447	-4.401855e-01	-9.765625e-04	
448	-4.304199e-01	-1.464844e-03	
449	-4.296875e-01	1.708984e-03	
450	-4.313965e-01	8.544922e-03	
451	-4.257812e-01	1.831055e-03	
452	-4.082031e-01	1.647949e-02	
453	-4.150391e-01	-8.544922e-03	
454	-4.086914e-01	-9.887695e-03	
455	-4.299316e-01	-1.220703e-03	
456	-4.277344e-01	8.544922e-03	
457	-4.438477e-01	1.000977e-02	
458	-4.409180e-01	1.953125e-03	
459	-4.204102e-01	-1.342773e-02	
460	-4.360352e-01	-2.758789e-02	
461	-4.162598e-01	-7.812500e-03	
462	-4.265137e-01	8.544922e-03	
463	-4.443359e-01	4.150391e-03	
464	-4.279785e-01	-1.489258e-02	
465	-4.331055e-01	-2.929688e-03	
466	-4.257812e-01	-1.831055e-03	
467	-4.482422e-01	3.662109e-04	
468	-4.472656e-01	-4.882812e-04	
469	-4.421387e-01	-1.586914e-02	
470	-4.140625e-01	-1.098633e-03	
471	-4.099121e-01	4.272461e-03	
472	-4.177246e-01	-1.635742e-02	
473	-4.165039e-01	-8.911133e-03	
474	-4.177246e-01	-5.371094e-03	
475	-4.343262e-01	-2.075195e-03	
476	-4.335938e-01	-5.126953e-03	
477	-4.123535e-01	-6.347656e-03	
478	-4.409180e-01	-1.623535e-02	
479	-4.360352e-01	-2.111816e-02	
480	-4.284668e-01	1.977539e-02	
481	-4.462891e-01	2.246094e-02	
482	-4.260254e-01	2.062988e-02	
483	-4.116211e-01	2.514648e-02	
484	-4.174805e-01	6.958008e-03	
485	-4.370117e-01	6.835938e-03	
486	-4.243164e-01	4.272461e-03	
487	-4.272461e-01	3.906250e-03	
488	-4.367676e-01	-1.586914e-03	
489	-4.531250e-01	-1.135254e-02	
490	-4.111328e-01	-1.708984e-03	
491	-4.619141e-01	1.928711e-02	
492	-4.479980e-01	6.958008e-03	
493	-4.392090e-01	-4.882812e-03	
494	-4.521484e-01	-7.934570e-03	
495	-4.211426e-01	-9.765625e-04	
496	-4.113770e-01	-1.904297e-02	
497	-4.367676e-01	-1.416016e-02	
498	-4.494629e-01	-1.550293e-02	
499	-4.350586e-01	-6.103516e-04	
500	-4.177246e-01	4.882812e-03	
501	-4.338379e-01	-6.103516e-03	
502	-4.296875e-01	-1.330566e-02	
503	-4.387207e-01	-4.760742e-03	
504	-4.343262e-01	-1.953125e-03	
505	-4.409180e-01	1.770020e-02	
506	-4.470215e-01	1.940918e-02	
507	-4.248047e-01	1.000977e-02	
508	-4.213867e-01	-3.417969e-03	
509	-4.392090e-01	3.662109e-04	
510	-4.262695e-01	2.441406e-04	
511	-4.089355e-01	1.098633e-02	
512	-4.062500e-01	9.765625e-04	
513	-4.221191e-01	-1.232910e-02	
514	-4.240723e-01	-2.600098e-02	
515	-4.572754e-01	-8.544922e-04	
516	-4.301758e-01	2.807617e-03	
517	-4.184570e-01	-1.074219e-02	
518	-4.262695e-01	2.807617e-03	
519	-4.230957e-01	-8.544922e-04	
520	-4.409180e-01	1.477051e-02	
521	-4.309082e-01	1.123047e-02	
522	-4.348145e-01	-9.521484e-03	
523	-4.306641e-01	-1.196289e-02	
524	-4.306641e-01	-1.025391e-02	
525	-4.179688e-01	-1.538086e-02	
526	-4.304199e-01	-1.220703e-02	
527	-4.052734e-01	-6.469727e-03	
528	-4.243164e-01	-6.225586e-03	
529	-4.365234e-01	-9.643555e-03	
530	-4.128418e-01	-4.638672e-03	
531	-4.453125e-01	3.906250e-03	
532	-4.350586e-01	-2.929688e-03	
533	-4.318848e-01	-7.080078e-03	
534	-4.187012e-01	-1.306152e-02	
535	-4.497070e-01	-5.493164e-03	
536	-4.331055e-01	0.000000e+00	
537	-4.489746e-01	2.197266e-03	
538	-4.155273e-01	8.056641e-03	
539	-4.084473e-01	1.037598e-02	
540	-4.382324e-01	1.953125e-03	
541	-4.086914e-01	-5.615234e-03	
542	-4.062500e-01	-2.209473e-02	
543	-4.294434e-01	-2.221680e-02	
544	-4.487305e-01	-1.586914e-03	
545	-4.538574e-01	-7.568359e-03	
546	-4.377441e-01	-1.855469e-02	
547	-4.316406e-01	-1.550293e-02	
548	-4.318848e-01	9.277344e-03	
549	-4.294434e-01	-7.690430e-03	
550	-3.911133e-01	-5.859375e-03	
551	-4.326172e-01	-2.075195e-03	
552	-4.580078e-01	-2.478027e-02	
553	-4.316406e-01	-2.551270e-02	
554	-4.228516e-01	-9.765625e-03	
555	-4.340820e-01	4.882812e-04	
556	-4.147949e-01	1.281738e-02	
557	-4.201660e-01	1.342773e-02	
558	-4.333496e-01	5.493164e-03	
559	-4.157715e-01	1.599121e-02	
560	-4.155273e-01	1.757812e-02	
561	-4.338379e-01	2.612305e-02	
562	-4.345703e-01	1.184082e-02	
563	-4.433594e-01	1.477051e-02	
564	-4.348145e-01	1.403809e-02	
565	-4.255371e-01	1.916504e-02	
566	-4.079590e-01	1.428223e-02	
567	-4.375000e-01	9.033203e-03	
568	-4.223633e-01	-2.685547e-03	
569	-4.404297e-01	8.300781e-03	
570	-4.355469e-01	3.784180e-03	
571	-4.355469e-01	-1.831055e-03	
572	-4.118652e-01	-9.643555e-03	
573	-4.069824e-01	-2.807617e-03	
574	-4.262695e-01	-1.831055e-03	
575	-4.370117e-01	-5.126953e-03	
576	-4.335938e-01	1.342773e-03	
577	-4.111328e-01	-7.446289e-03	
578	-4.226074e-01	-3.662109e-04	
579	-4.509277e-01	9.765625e-03	
580	-4.362793e-01	2.197266e-03	
581	-4.392090e-01	-7.812500e-03	
582	-4.318848e-01	3.417969e-03	
583	-4.226074e-01	4.028320e-03	
584	-4.289551e-01	8.300781e-03	
585	-4.438477e-01	1.538086e-02	
586	-4.121094e-01	-4.272461e-03	
587	-4.094238e-01	-2.929688e-03	
588	-4.335938e-01	9.765625e-04	
589	-4.157715e-01	6.591797e-03	
590	-4.365234e-01	1.208496e-02	
591	-4.379883e-01	1.452637e-02	
592	-4.321289e-01	1.220703e-03	
593	-4.375000e-01	-5.371094e-03	
594	-4.060059e-01	-1.220703e-04	
595	-4.299316e-01	-5.737305e-03	
596	-4.140625e-01	-1.953125e-03	
597	-4.433594e-01	-5.004883e-03	
598	-4.284668e-01	-1.013184e-02	
599	-4.294434e-01	7.324219e-04	
600	-4.226074e-01	6.958008e-03	
601	-4.272461e-01	4.150391e-03	
602	-4.135742e-01	-1.989746e-02	
603	-4.321289e-01	-1.098633e-02	
604	-4.279785e-01	1.220703e-04	
605	-4.270020e-01	4.882812e-04	
606	-4.499512e-01	-3.466797e-02	
607	-4.196777e-01	-1.281738e-02	
608	-4.206543e-01	-8.300781e-03	
609	-4.533691e-01	-1.989746e-02	
610	-4.436035e-01	-1.281738e-02	
611	-4.199219e-01	-4.516602e-03	
612	-4.421387e-01	-1.611328e-02	
613	-4.367676e-01	4.882812e-03	
614	-4.301758e-01	1.794434e-02	
615	-4.313965e-01	1.586914e-02	
616	-4.165039e-01	1.171875e-02	
617	-4.296875e-01	2.038574e-02	
618	-4.008789e-01	6.958008e-03	
619	-4.311523e-01	1.098633e-02	
620	-4.094238e-01	9.155273e-03	
621	-4.331055e-01	-4.150391e-03	
622	-4.431152e-01	-1.196289e-02	
623	-4.199219e-01	-2.368164e-02	
624	-4.492188e-01	-1.501465e-02	
625	-4.233398e-01	6.103516e-04	
626	-4.072266e-01	-2.197266e-03	
627	-4.289551e-01	-1.354980e-02	
628	-4.365234e-01	-1.806641e-02	
629	-4.233398e-01	1.672363e-02	
630	-4.345703e-01	1.367188e-02	
631	-4.421387e-01	6.835938e-03	
632	-4.160156e-01	2.441406e-02	
633	-4.340820e-01	1.977539e-02	
634	-4.333496e-01	1.037598e-02	
635	-4.238281e-01	-9.399414e-03	
636	-4.445801e-01	1.293945e-02	
637	-4.040527e-01	-6.103516e-04	
638	-4.199219e-01	1.220703e-02	
639	-3.967285e-01	1.245117e-02	
640	-4.101562e-01	-1.220703e-03	
641	-4.299316e-01	5.004883e-03	
642	-4.335938e-01	5.493164e-03	
643	-4.233398e-01	5.981445e-03	
644	-3.986816e-01	-6.225586e-03	
645	-4.086914e-01	-1.330566e-02	
646	-4.199219e-01	2.331543e-02	
647	-4.270020e-01	1.330566e-02	
648	-4.135742e-01	1.989746e-02	
649	-4.279785e-01	1.867676e-02	
650	-4.135742e-01	1.489258e-02	
651	-4.167480e-01	1.354980e-02	
652	-4.165039e-01	1.098633e-03	
653	-4.147949e-01	9.643555e-03	
654	-4.389648e-01	4.150391e-03	
655	-4.277344e-01	1.586914e-02	
656	-4.497070e-01	1.831055e-03	
657	-4.384766e-01	5.615234e-03	
658	-4.558105e-01	4.272461e-03	
659	-4.182129e-01	1.220703e-04	
660	-4.582520e-01	-1.220703e-03	
661	-4.245605e-01	-1.062012e-02	
662	-4.316406e-01	-1.232910e-02	
663	-4.086914e-01	1.013184e-02	
664	-4.338379e-01	-2.099609e-02	
665	-4.245605e-01	-1.452637e-02	
666	-4.218750e-01	-1.086426e-02	
667	-4.301758e-01	-6.958008e-03	
668	-4.074707e-01	1.306152e-02	
669	-4.140625e-01	3.295898e-03	
670	-4.340820e-01	7.812500e-03	
671	-4.414062e-01	6.958008e-03	
672	-4.155273e-01	-4.516602e-03	
673	-4.221191e-01	1.342773e-02	
674	-4.306641e-01	-1.733398e-02	
675	-4.338379e-01	-2.038574e-02	
676	-4.558105e-01	-2.355957e-02	
677	-4.392090e-01	-4.516602e-03	
678	-4.194336e-01	6.225586e-03	
679	-4.335938e-01	1.733398e-02	
680	-4.328613e-01	5.615234e-03	
681	-4.365234e-01	-3.662109e-04	
682	-4.150391e-01	1.342773e-03	
683	-4.196777e-01	-2.929688e-03	
684	-4.218750e-01	-5.493164e-03	
685	-4.309082e-01	7.202148e-03	
686	-4.511719e-01	3.417969e-03	
687	-4.189453e-01	1.782227e-02	
688	-4.172363e-01	3.039551e-02	
689	-4.426270e-01	2.160645e-02	
690	-4.069824e-01	1.086426e-02	
691	-4.157715e-01	6.225586e-03	
692	-4.150391e-01	-2.453613e-02	
693	-4.240723e-01	-1.220703e-02	
694	-4.057617e-01	1.025391e-02	
695	-4.101562e-01	1.379395e-02	
696	-4.138184e-01	-3.662109e-03	
697	-3.945312e-01	-2.624512e-02	
698	-4.487305e-01	-1.062012e-02	
699	-4.243164e-01	-6.835938e-03	
700	-3.994141e-01	2.563477e-03	
701	-4.274902e-01	7.934570e-03	
702	-4.174805e-01	8.056641e-03	
703	-4.472656e-01	-1.000977e-02	
704	-4.355469e-01	-3.417969e-03	
705	-4.384766e-01	-1.208496e-02	
706	-4.440918e-01	-2.441406e-03	
707	-4.335938e-01	2.929688e-03	
708	-4.008789e-01	2.709961e-02	
709	-4.250488e-01	1.684570e-02	
710	-4.230957e-01	3.222656e-02	
711	-4.150391e-01	2.246094e-02	
712	-4.040527e-01	1.208496e-02	
713	-4.389648e-01	-2.441406e-03	
714	-4.467773e-01	2.258301e-02	
715	-4.458008e-01	3.479004e-02	
716	-4.536133e-01	5.126953e-03	
717	-4.226074e-01	7.324219e-03	
718	-4.311523e-01	1.354980e-02	
719	-4.143066e-01	2.026367e-02	
720	-4.240723e-01	1.062012e-02	
721	-4.265137e-01	2.868652e-02	
722	-4.199219e-01	2.416992e-02	
723	-4.113770e-01	1.184082e-02	
724	-4.335938e-01	6.591797e-03	
725	-4.392090e-01	7.324219e-03	
726	-4.382324e-01	-1.220703e-03	
727	-4.270020e-01	-1.367188e-02	
728	-4.331055e-01	-2.185059e-02	
729	-4.140625e-01	-1.440430e-02	
730	-4.365234e-01	-7.568359e-03	
731	-4.255371e-01	-6.958008e-03	
732	-4.023438e-01	-2.404785e-02	
733	-4.353027e-01	-1.403809e-02	
734	-4.047852e-01	-4.638672e-03	
735	-4.064941e-01	6.835938e-03	
736	-4.321289e-01	2.441406e-04	
737	-4.626465e-01	8.422852e-03	
738	-4.104004e-01	-1.171875e-02	
739	-4.384766e-01	-1.184082e-02	
740	-4.145508e-01	1.098633e-03	
741	-4.350586e-01	-5.737305e-03	
742	-4.414062e-01	5.004883e-03	
743	-4.304199e-01	6.835938e-03	
744	-4.309082e-01	-3.417969e-03	
745	-4.270020e-01	1.062012e-02	
746	-4.453125e-01	3.369141e-02	
747	-4.270020e-01	1.867676e-02	
748	-4.226074e-01	2.758789e-02	
749	-4.323730e-01	5.615234e-03	
750	-4.487305e-01	-7.446289e-03	
751	-4.411621e-01	1.330566e-02	
752	-4.428711e-01	9.887695e-03	
753	-4.599609e-01	7.568359e-03	
754	-4.257812e-01	3.662109e-04	
755	-4.372559e-01	2.929688e-03	
756	-4.252930e-01	1.452637e-02	
757	-4.211426e-01	1.965332e-02	
758	-4.130859e-01	2.770996e-02	
759	-4.143066e-01	-6.835938e-03	
760	-4.394531e-01	-5.249023e-03	
761	-4.436035e-01	1.586914e-03	
762	-4.304199e-01	-9.033203e-03	
763	-4.382324e-01	-8.178711e-03	
764	-4.311523e-01	7.324219e-04	
765	-4.208984e-01	1.135254e-02	
766	-4.492188e-01	1.184082e-02	
767	-4.294434e-01	-1.708984e-03	
768	-4.128418e-01	-1.379395e-02	
769	-4.331055e-01	-2.990723e-02	
770	-4.025879e-01	-1.550293e-02	
771	-4.404297e-01	-3.527832e-02	
772	-4.335938e-01	-1.989746e-02	
773	-4.191895e-01	4.760742e-03	
774	-4.211426e-01	-4.882812e-04	
775	-4.267578e-01	1.416016e-02	
776	-4.121094e-01	2.307129e-02	
777	-4.060059e-01	9.277344e-03	
778	-4.404297e-01	1.611328e-02	
779	-3.920898e-01	6.103516e-03	
780	-4.448242e-01	-1.220703e-02	
781	-4.326172e-01	-1.586914e-02	
782	-4.252930e-01	-1.306152e-02	
783	-4.016113e-01	-1.647949e-02	
784	-4.157715e-01	3.417969e-03	
785	-4.272461e-01	1.000977e-02	
786	-3.884277e-01	1.635742e-02	
787	-4.101562e-01	1.477051e-02	
788	-4.213867e-01	-3.784180e-03	
789	-4.248047e-01	-6.103516e-03	
790	-4.243164e-01	-1.098633e-02	
791	-4.152832e-01	-1.098633e-03	
792	-4.475098e-01	1.306152e-02	
793	-4.501953e-01	1.916504e-02	
794	-4.294434e-01	1.379395e-02	
795	-4.489746e-01	4.882812e-03	
796	-4.287109e-01	2.050781e-02	
797	-4.143066e-01	6.835938e-03	
798	-4.357910e-01	1.855469e-02	
799	-4.360352e-01	1.635742e-02	
800	-4.206543e-01	1.269531e-02	
801	-4.226074e-01	4.516602e-03	
802	-4.248047e-01	1.257324e-02	
803	-4.348145e-01	8.422852e-03	
804	-4.235840e-01	1.318359e-02	
805	-4.406738e-01	-2.319336e-03	
806	-4.274902e-01	-1.232910e-02	
807	-4.331055e-01	0.000000e+00	
808	-4.238281e-01	9.155273e-03	
809	-4.221191e-01	1.257324e-02	
810	-4.436035e-01	2.258301e-02	
811	-4.196777e-01	1.220703e-02	
812	-4.184570e-01	6.591797e-03	
813	-4.216309e-01	-6.225586e-03	
814	-4.350586e-01	-1.184082e-02	
815	-4.279785e-01	-1.733398e-02	
816	-4.123535e-01	1.232910e-02	
817	-4.250488e-01	9.033203e-03	
818	-4.187012e-01	-4.150391e-03	
819	-4.360352e-01	-3.295898e-03	
820	-4.311523e-01	-8.178711e-03	
821	-4.428711e-01	-1.110840e-02	
822	-4.416504e-01	-7.934570e-03	
823	-4.301758e-01	4.516602e-03	
824	-4.282227e-01	2.392578e-02	
825	-4.260254e-01	2.026367e-02	
826	-4.333496e-01	9.033203e-03	
827	-4.387207e-01	-8.666992e-03	
828	-4.265137e-01	6.103516e-04	
829	-3.972168e-01	-3.540039e-03	
830	-4.201660e-01	-1.245117e-02	
831	-4.379883e-01	-2.807617e-03	
832	-4.423828e-01	-1.208496e-02	
833	-4.387207e-01	-1.110840e-02	
834	-4.436035e-01	3.540039e-03	
835	-4.206543e-01	9.155273e-03	
836	-4.182129e-01	-5.126953e-03	
837	-4.167480e-01	-2.026367e-02	
838	-4.353027e-01	-1.257324e-02	
839	-4.433594e-01	-7.446289e-03	
840	-4.243164e-01	3.662109e-04	
841	-4.262695e-01	-7.812500e-03	
842	-4.421387e-01	-1.037598e-02	
843	-4.318848e-01	-1.782227e-02	
844	-4.216309e-01	-1.391602e-02	
845	-4.248047e-01	-6.835938e-03	
846	-4.179688e-01	8.789062e-03	
847	-4.309082e-01	2.038574e-02	
848	-4.599609e-01	1.159668e-02	
849	-4.433594e-01	6.958008e-03	
850	-4.333496e-01	1.220703e-02	
851	-4.138184e-01	1.269531e-02	
852	-4.143066e-01	1.086426e-02	
853	-4.306641e-01	7.690430e-03	
854	-4.296875e-01	-4.272461e-03	
855	-4.553223e-01	-3.173828e-03	
856	-4.465332e-01	3.784180e-03	
857	-4.116211e-01	1.525879e-02	
858	-4.450684e-01	2.282715e-02	
859	-4.133301e-01	2.246094e-02	
860	-4.396973e-01	2.087402e-02	
861	-4.243164e-01	2.246094e-02	
862	-4.160156e-01	-5.737305e-03	
863	-4.296875e-01	-1.635742e-02	
864	-4.165039e-01	-2.636719e-02	
865	-4.414062e-01	-1.794434e-02	
866	-4.277344e-01	-4.028320e-03	
867	-4.475098e-01	-3.784180e-03	
868	-4.250488e-01	2.197266e-03	
869	-4.235840e-01	-5.615234e-03	
870	-4.296875e-01	-1.831055e-02	
871	-4.304199e-01	-1.196289e-02	
872	-4.165039e-01	-9.643555e-03	
873	-4.433594e-01	7.080078e-03	
874	-4.458008e-01	1.574707e-02	
875	-4.321289e-01	1.696777e-02	
876	-4.519043e-01	1.416016e-02	
877	-4.228516e-01	-1.416016e-02	
878	-4.309082e-01	2.819824e-02	
879	-4.406738e-01	2.087402e-02	
880	-4.218750e-01	-1.245117e-02	
881	-4.155273e-01	6.103516e-03	
882	-4.196777e-01	6.225586e-03	
883	-4.304199e-01	-7.202148e-03	
884	-4.199219e-01	-8.178711e-03	
885	-4.436035e-01	1.818848e-02	
886	-4.267578e-01	0.000000e+00	
887	-4.233398e-01	4.882812e-03	
888	-4.230957e-01	-1.184082e-02	
889	-4.245605e-01	-2.636719e-02	
890	-4.375000e-01	-1.013184e-02	
891	-4.094238e-01	-6.835938e-03	
892	-4.152832e-01	-3.173828e-03	
893	-4.094238e-01	1.074219e-02	
894	-4.360352e-01	-1.477051e-02	
895	-4.450684e-01	-2.514648e-02	
896	-4.387207e-01	3.173828e-03	
897	-4.370117e-01	1.757812e-02	
898	-4.196777e-01	3.186035e-02	
899	-4.289551e-01	5.371094e-03	
900	-4.401855e-01	8.300781e-03	
901	-4.462891e-01	8.789062e-03	
902	-4.272461e-01	0.000000e+00	
903	-4.299316e-01	-5.004883e-03	
904	-4.440918e-01	-2.026367e-02	
905	-4.309082e-01	-2.111816e-02	
906	-4.245605e-01	-1.245117e-02	
907	-4.370117e-01	2.685547e-03	
908	-4.150391e-01	1.171875e-02	
909	-4.179688e-01	7.568359e-03	
910	-4.106445e-01	-9.277344e-03	
911	-4.426270e-01	1.367188e-02	
912	-4.436035e-01	1.647949e-02	
913	-4.433594e-01	8.544922e-03	
914	-4.450684e-01	9.765625e-03	
915	-4.218750e-01	2.209473e-02	
916	-4.309082e-01	8.666992e-03	
917	-4.301758e-01	-5.004883e-03	
918	-4.382324e-01	8.666992e-03	
919	-4.440918e-01	7.934570e-03	
920	-4.145508e-01	-2.600098e-02	
921	-4.338379e-01	-1.354980e-02	
922	-4.062500e-01	-2.233887e-02	
923	-4.167480e-01	1.672363e-02	
924	-4.338379e-01	-1.220703e-04	
925	-4.384766e-01	2.441406e-03	
926	-4.304199e-01	9.887695e-03	
927	-4.267578e-01	1.074219e-02	
928	-4.443359e-01	6.103516e-04	
929	-4.255371e-01	9.765625e-03	
930	-4.213867e-01	1.220703e-02	
931	-4.262695e-01	9.277344e-03	
932	-4.299316e-01	-1.306152e-02	
933	-4.316406e-01	-2.062988e-02	
934	-4.201660e-01	-1.330566e-02	
935	-4.370117e-01	1.831055e-02	
936	-4.204102e-01	1.098633e-03	
937	-4.191895e-01	-2.807617e-03	
938	-4.174805e-01	1.049805e-02	
939	-4.111328e-01	-3.662109e-03	
940	-4.294434e-01	-1.196289e-02	
941	-4.160156e-01	-5.859375e-03	
942	-4.370117e-01	9.521484e-03	
943	-4.211426e-01	-1.159668e-02	
944	-4.230957e-01	-2.197266e-03	
945	-4.467773e-01	4.394531e-03	
946	-4.309082e-01	1.147461e-02	
947	-4.204102e-01	3.540039e-03	
948	-4.108887e-01	7.568359e-03	
949	-4.279785e-01	-3.662109e-03	
950	-4.335938e-01	-3.540039e-03	
951	-4.262695e-01	3.662109e-03	
952	-4.162598e-01	1.391602e-02	
953	-4.040527e-01	2.600098e-02	
954	-4.240723e-01	1.416016e-02	
955	-4.418945e-01	2.441406e-04	
956	-4.089355e-01	3.540039e-03	
957	-4.235840e-01	1.782227e-02	
958	-4.240723e-01	3.417969e-03	
959	-4.189453e-01	8.544922e-04	
960	-4.401855e-01	5.493164e-03	
961	-4.348145e-01	-1.062012e-02	
962	-4.355469e-01	-8.056641e-03	
963	-4.118652e-01	-2.197266e-03	
964	-4.147949e-01	-1.599121e-02	
965	-4.172363e-01	-2.929688e-03	
966	-4.108887e-01	6.103516e-04	
967	-4.267578e-01	-1.513672e-02	
968	-4.370117e-01	-5.004883e-03	
969	-4.089355e-01	-1.025391e-02	
970	-4.133301e-01	-1.525879e-02	
971	-4.323730e-01	-2.929688e-03	
972	-4.350586e-01	4.882812e-04	
973	-4.333496e-01	-3.051758e-03	
974	-4.331055e-01	1.586914e-03	
975	-4.399414e-01	5.981445e-03	
976	-4.511719e-01	4.760742e-03	
977	-4.291992e-01	-9.765625e-04	
978	-4.291992e-01	1.428223e-02	
979	-4.208984e-01	-1.550293e-02	
980	-4.243164e-01	-1.953125e-02	
981	-4.204102e-01	1.220703e-04	
982	-4.047852e-01	-8.178711e-03	
983	-4.445801e-01	-2.441406e-03	
984	-4.223633e-01	1.025391e-02	
985	-4.174805e-01	-8.544922e-04	
986	-4.240723e-01	7.202148e-03	
987	-4.367676e-01	-1.489258e-02	
988	-4.306641e-01	-3.198242e-02	
989	-4.169922e-01	-1.623535e-02	
990	-4.033203e-01	-2.441406e-03	
991	-3.896484e-01	-5.615234e-03	
992	-4.189453e-01	-9.887695e-03	
993	-4.204102e-01	1.000977e-02	
994	-4.377441e-01	5.981445e-03	
995	-4.375000e-01	1.306152e-02	
996	-4.323730e-01	-1.831055e-02	
997	-4.335938e-01	-2.954102e-02	
998	-4.389648e-01	-1.721191e-02	
999	-4.167480e-01	1.464844e-03	
