# 2d Ising model
# L = 128
# method = heatbath
# beta_min = 0.440687
# beta_max = 1
# N_pts_beta = 1
# h_min = 1
# h_max = 1
# N_pts_h = 1
# beta 	 e 	 m 	 |m| 	 msq 	 h 	 - 	 cV
0	-1.052734e+00	5.712891e-01	
1	-1.568604e+00	8.331299e-01	
2	-1.795898e+00	9.346924e-01	
3	-1.870605e+00	9.630127e-01	
4	-1.876709e+00	9.648438e-01	
5	-1.880371e+00	9.664307e-01	
6	-1.888428e+00	9.699707e-01	
7	-1.892578e+00	9.714355e-01	
8	-1.879395e+00	9.660645e-01	
9	-1.892090e+00	9.709473e-01	
10	-1.897217e+00	9.721680e-01	
11	-1.884766e+00	9.689941e-01	
12	-1.878662e+00	9.664307e-01	
13	-1.885010e+00	9.686279e-01	
14	-1.869629e+00	9.642334e-01	
15	-1.875732e+00	9.658203e-01	
16	-1.886719e+00	9.686279e-01	
17	-1.894775e+00	9.718018e-01	
18	-1.879639e+00	9.666748e-01	
19	-1.880127e+00	9.671631e-01	
20	-1.893066e+00	9.714355e-01	
21	-1.888672e+00	9.689941e-01	
22	-1.875977e+00	9.658203e-01	
23	-1.883545e+00	9.686279e-01	
24	-1.885498e+00	9.686279e-01	
25	-1.876221e+00	9.656982e-01	
26	-1.887451e+00	9.699707e-01	
27	-1.883789e+00	9.685059e-01	
28	-1.881592e+00	9.672852e-01	
29	-1.875977e+00	9.659424e-01	
30	-1.878906e+00	9.672852e-01	
31	-1.865723e+00	9.635010e-01	
32	-1.876953e+00	9.664307e-01	
33	-1.892822e+00	9.705811e-01	
34	-1.885986e+00	9.691162e-01	
35	-1.880859e+00	9.677734e-01	
36	-1.890137e+00	9.705811e-01	
37	-1.893555e+00	9.710693e-01	
38	-1.880371e+00	9.677734e-01	
39	-1.888184e+00	9.697266e-01	
40	-1.885498e+00	9.678955e-01	
41	-1.873535e+00	9.647217e-01	
42	-1.885010e+00	9.688721e-01	
43	-1.909912e+00	9.764404e-01	
44	-1.899902e+00	9.732666e-01	
45	-1.882080e+00	9.685059e-01	
46	-1.886963e+00	9.694824e-01	
47	-1.882324e+00	9.676514e-01	
48	-1.876953e+00	9.655762e-01	
49	-1.895020e+00	9.719238e-01	
50	-1.880615e+00	9.680176e-01	
51	-1.898438e+00	9.727783e-01	
52	-1.892822e+00	9.707031e-01	
53	-1.874023e+00	9.659424e-01	
54	-1.891846e+00	9.707031e-01	
55	-1.877441e+00	9.666748e-01	
56	-1.877930e+00	9.671631e-01	
57	-1.885742e+00	9.693604e-01	
58	-1.883545e+00	9.683838e-01	
59	-1.869385e+00	9.643555e-01	
60	-1.888916e+00	9.696045e-01	
61	-1.874023e+00	9.661865e-01	
62	-1.871338e+00	9.654541e-01	
63	-1.883057e+00	9.680176e-01	
64	-1.887695e+00	9.699707e-01	
65	-1.894043e+00	9.710693e-01	
66	-1.881592e+00	9.675293e-01	
67	-1.884277e+00	9.685059e-01	
68	-1.881348e+00	9.680176e-01	
69	-1.886719e+00	9.688721e-01	
70	-1.885498e+00	9.682617e-01	
71	-1.873291e+00	9.659424e-01	
72	-1.876221e+00	9.669189e-01	
73	-1.870605e+00	9.650879e-01	
74	-1.884766e+00	9.691162e-01	
75	-1.889160e+00	9.694824e-01	
76	-1.884766e+00	9.685059e-01	
77	-1.899658e+00	9.721680e-01	
78	-1.875977e+00	9.654541e-01	
79	-1.899170e+00	9.724121e-01	
80	-1.865479e+00	9.631348e-01	
81	-1.888184e+00	9.699707e-01	
82	-1.869629e+00	9.641113e-01	
83	-1.872070e+00	9.652100e-01	
84	-1.885986e+00	9.689941e-01	
85	-1.882080e+00	9.675293e-01	
86	-1.898682e+00	9.720459e-01	
87	-1.895020e+00	9.719238e-01	
88	-1.884033e+00	9.678955e-01	
89	-1.878418e+00	9.667969e-01	
90	-1.870361e+00	9.649658e-01	
91	-1.876465e+00	9.658203e-01	
92	-1.886963e+00	9.691162e-01	
93	-1.878906e+00	9.664307e-01	
94	-1.870850e+00	9.644775e-01	
95	-1.888916e+00	9.699707e-01	
96	-1.887939e+00	9.697266e-01	
97	-1.893555e+00	9.714355e-01	
98	-1.892334e+00	9.713135e-01	
99	-1.882812e+00	9.680176e-01	
100	-1.886963e+00	9.692383e-01	
101	-1.882080e+00	9.670410e-01	
102	-1.880371e+00	9.672852e-01	
103	-1.885254e+00	9.680176e-01	
104	-1.887695e+00	9.694824e-01	
105	-1.889893e+00	9.698486e-01	
106	-1.885742e+00	9.683838e-01	
107	-1.909424e+00	9.755859e-01	
108	-1.899902e+00	9.727783e-01	
109	-1.887939e+00	9.698486e-01	
110	-1.877930e+00	9.655762e-01	
111	-1.891602e+00	9.699707e-01	
112	-1.878418e+00	9.664307e-01	
113	-1.890625e+00	9.703369e-01	
114	-1.880859e+00	9.677734e-01	
115	-1.876953e+00	9.664307e-01	
116	-1.884277e+00	9.682617e-01	
117	-1.887939e+00	9.693604e-01	
118	-1.885254e+00	9.688721e-01	
119	-1.887207e+00	9.697266e-01	
120	-1.889404e+00	9.703369e-01	
121	-1.889648e+00	9.700928e-01	
122	-1.874268e+00	9.661865e-01	
123	-1.892578e+00	9.705811e-01	
124	-1.886475e+00	9.691162e-01	
125	-1.882080e+00	9.675293e-01	
126	-1.888184e+00	9.700928e-01	
127	-1.888184e+00	9.700928e-01	
128	-1.882812e+00	9.682617e-01	
129	-1.883057e+00	9.680176e-01	
130	-1.887939e+00	9.692383e-01	
131	-1.879395e+00	9.670410e-01	
132	-1.880127e+00	9.667969e-01	
133	-1.894287e+00	9.709473e-01	
134	-1.891357e+00	9.707031e-01	
135	-1.886475e+00	9.693604e-01	
136	-1.883301e+00	9.680176e-01	
137	-1.874756e+00	9.650879e-01	
138	-1.888184e+00	9.699707e-01	
139	-1.888184e+00	9.694824e-01	
140	-1.881348e+00	9.676514e-01	
141	-1.883301e+00	9.687500e-01	
142	-1.889893e+00	9.692383e-01	
143	-1.881104e+00	9.671631e-01	
144	-1.878662e+00	9.656982e-01	
145	-1.888916e+00	9.697266e-01	
146	-1.872070e+00	9.643555e-01	
147	-1.875732e+00	9.661865e-01	
148	-1.866943e+00	9.627686e-01	
149	-1.878906e+00	9.672852e-01	
150	-1.864990e+00	9.626465e-01	
151	-1.868164e+00	9.627686e-01	
152	-1.884277e+00	9.685059e-01	
153	-1.887695e+00	9.692383e-01	
154	-1.894043e+00	9.709473e-01	
155	-1.885498e+00	9.692383e-01	
156	-1.887939e+00	9.693604e-01	
157	-1.875000e+00	9.656982e-01	
158	-1.879883e+00	9.661865e-01	
159	-1.884033e+00	9.678955e-01	
160	-1.897705e+00	9.720459e-01	
161	-1.890869e+00	9.707031e-01	
162	-1.880371e+00	9.674072e-01	
163	-1.874268e+00	9.642334e-01	
164	-1.880859e+00	9.676514e-01	
165	-1.875000e+00	9.653320e-01	
166	-1.882812e+00	9.677734e-01	
167	-1.889648e+00	9.699707e-01	
168	-1.887451e+00	9.694824e-01	
169	-1.876465e+00	9.666748e-01	
170	-1.895752e+00	9.714355e-01	
171	-1.895996e+00	9.724121e-01	
172	-1.878662e+00	9.665527e-01	
173	-1.881836e+00	9.677734e-01	
174	-1.879395e+00	9.669189e-01	
175	-1.880127e+00	9.669189e-01	
176	-1.876465e+00	9.665527e-01	
177	-1.890625e+00	9.703369e-01	
178	-1.876953e+00	9.658203e-01	
179	-1.889648e+00	9.699707e-01	
180	-1.870605e+00	9.644775e-01	
181	-1.890381e+00	9.703369e-01	
182	-1.888184e+00	9.693604e-01	
183	-1.882812e+00	9.685059e-01	
184	-1.872559e+00	9.644775e-01	
185	-1.889160e+00	9.696045e-01	
186	-1.895752e+00	9.720459e-01	
187	-1.885498e+00	9.681396e-01	
188	-1.874023e+00	9.659424e-01	
189	-1.874756e+00	9.658203e-01	
190	-1.873291e+00	9.650879e-01	
191	-1.874512e+00	9.656982e-01	
192	-1.880127e+00	9.675293e-01	
193	-1.877686e+00	9.669189e-01	
194	-1.882080e+00	9.675293e-01	
195	-1.883057e+00	9.681396e-01	
196	-1.894043e+00	9.716797e-01	
197	-1.872559e+00	9.652100e-01	
198	-1.884277e+00	9.683838e-01	
199	-1.882812e+00	9.677734e-01	
200	-1.890625e+00	9.700928e-01	
201	-1.887939e+00	9.696045e-01	
202	-1.869385e+00	9.639893e-01	
203	-1.868164e+00	9.632568e-01	
204	-1.873291e+00	9.656982e-01	
205	-1.891602e+00	9.704590e-01	
206	-1.881348e+00	9.677734e-01	
207	-1.891357e+00	9.704590e-01	
208	-1.882080e+00	9.680176e-01	
209	-1.870361e+00	9.648438e-01	
210	-1.882080e+00	9.686279e-01	
211	-1.885498e+00	9.682617e-01	
212	-1.888428e+00	9.696045e-01	
213	-1.893311e+00	9.718018e-01	
214	-1.887939e+00	9.693604e-01	
215	-1.894775e+00	9.713135e-01	
216	-1.878174e+00	9.671631e-01	
217	-1.871094e+00	9.654541e-01	
218	-1.882080e+00	9.685059e-01	
219	-1.889160e+00	9.700928e-01	
220	-1.881104e+00	9.676514e-01	
221	-1.885742e+00	9.691162e-01	
222	-1.884766e+00	9.688721e-01	
223	-1.884521e+00	9.688721e-01	
224	-1.873779e+00	9.649658e-01	
225	-1.881836e+00	9.675293e-01	
226	-1.887207e+00	9.686279e-01	
227	-1.879883e+00	9.678955e-01	
228	-1.887207e+00	9.700928e-01	
229	-1.890625e+00	9.704590e-01	
230	-1.892822e+00	9.711914e-01	
231	-1.893555e+00	9.705811e-01	
232	-1.872559e+00	9.656982e-01	
233	-1.876221e+00	9.667969e-01	
234	-1.877197e+00	9.667969e-01	
235	-1.878906e+00	9.670410e-01	
236	-1.874756e+00	9.654541e-01	
237	-1.879150e+00	9.661865e-01	
238	-1.886230e+00	9.683838e-01	
239	-1.882812e+00	9.677734e-01	
240	-1.876221e+00	9.664307e-01	
241	-1.892822e+00	9.707031e-01	
242	-1.892090e+00	9.709473e-01	
243	-1.870605e+00	9.639893e-01	
244	-1.895508e+00	9.713135e-01	
245	-1.886475e+00	9.697266e-01	
246	-1.885986e+00	9.691162e-01	
247	-1.892578e+00	9.711914e-01	
248	-1.888428e+00	9.696045e-01	
249	-1.882812e+00	9.681396e-01	
250	-1.880127e+00	9.669189e-01	
251	-1.877930e+00	9.669189e-01	
252	-1.890381e+00	9.704590e-01	
253	-1.891113e+00	9.708252e-01	
254	-1.876709e+00	9.665527e-01	
255	-1.885254e+00	9.689941e-01	
256	-1.887939e+00	9.694824e-01	
257	-1.891113e+00	9.697266e-01	
258	-1.877930e+00	9.664307e-01	
259	-1.888672e+00	9.693604e-01	
260	-1.885986e+00	9.693604e-01	
261	-1.881836e+00	9.683838e-01	
262	-1.875977e+00	9.649658e-01	
263	-1.892822e+00	9.705811e-01	
264	-1.888428e+00	9.699707e-01	
265	-1.893311e+00	9.709473e-01	
266	-1.872070e+00	9.655762e-01	
267	-1.889893e+00	9.703369e-01	
268	-1.884766e+00	9.689941e-01	
269	-1.890137e+00	9.702148e-01	
270	-1.876709e+00	9.670410e-01	
271	-1.890869e+00	9.697266e-01	
272	-1.878174e+00	9.658203e-01	
273	-1.875732e+00	9.661865e-01	
274	-1.878906e+00	9.674072e-01	
275	-1.882812e+00	9.677734e-01	
276	-1.874512e+00	9.660645e-01	
277	-1.865967e+00	9.636230e-01	
278	-1.885986e+00	9.686279e-01	
279	-1.883057e+00	9.680176e-01	
280	-1.869385e+00	9.633789e-01	
281	-1.873779e+00	9.652100e-01	
282	-1.899170e+00	9.727783e-01	
283	-1.877930e+00	9.674072e-01	
284	-1.886230e+00	9.693604e-01	
285	-1.880127e+00	9.671631e-01	
286	-1.880371e+00	9.675293e-01	
287	-1.882080e+00	9.678955e-01	
288	-1.893555e+00	9.713135e-01	
289	-1.885498e+00	9.686279e-01	
290	-1.876709e+00	9.661865e-01	
291	-1.877686e+00	9.670410e-01	
292	-1.892822e+00	9.711914e-01	
293	-1.878906e+00	9.669189e-01	
294	-1.902588e+00	9.731445e-01	
295	-1.873779e+00	9.654541e-01	
296	-1.886230e+00	9.693604e-01	
297	-1.884277e+00	9.685059e-01	
298	-1.869385e+00	9.645996e-01	
299	-1.871094e+00	9.644775e-01	
300	-1.894775e+00	9.719238e-01	
301	-1.885986e+00	9.693604e-01	
302	-1.888184e+00	9.707031e-01	
303	-1.881836e+00	9.675293e-01	
304	-1.888672e+00	9.700928e-01	
305	-1.882324e+00	9.670410e-01	
306	-1.889404e+00	9.697266e-01	
307	-1.882080e+00	9.677734e-01	
308	-1.882812e+00	9.678955e-01	
309	-1.884766e+00	9.687500e-01	
310	-1.879883e+00	9.676514e-01	
311	-1.887451e+00	9.692383e-01	
312	-1.880615e+00	9.665527e-01	
313	-1.880859e+00	9.676514e-01	
314	-1.871338e+00	9.654541e-01	
315	-1.871826e+00	9.647217e-01	
316	-1.875244e+00	9.660645e-01	
317	-1.876709e+00	9.667969e-01	
318	-1.878906e+00	9.670410e-01	
319	-1.893555e+00	9.713135e-01	
320	-1.875000e+00	9.660645e-01	
321	-1.883057e+00	9.680176e-01	
322	-1.880127e+00	9.670410e-01	
323	-1.887939e+00	9.700928e-01	
324	-1.880127e+00	9.680176e-01	
325	-1.883057e+00	9.680176e-01	
326	-1.882568e+00	9.677734e-01	
327	-1.883057e+00	9.680176e-01	
328	-1.886230e+00	9.689941e-01	
329	-1.874756e+00	9.659424e-01	
330	-1.872314e+00	9.644775e-01	
331	-1.885986e+00	9.702148e-01	
332	-1.884766e+00	9.686279e-01	
333	-1.891602e+00	9.709473e-01	
334	-1.878418e+00	9.669189e-01	
335	-1.891113e+00	9.699707e-01	
336	-1.882080e+00	9.678955e-01	
337	-1.883789e+00	9.678955e-01	
338	-1.885498e+00	9.696045e-01	
339	-1.885498e+00	9.680176e-01	
340	-1.885010e+00	9.686279e-01	
341	-1.880859e+00	9.680176e-01	
342	-1.887207e+00	9.694824e-01	
343	-1.875732e+00	9.663086e-01	
344	-1.884766e+00	9.694824e-01	
345	-1.873291e+00	9.659424e-01	
346	-1.883789e+00	9.687500e-01	
347	-1.896729e+00	9.718018e-01	
348	-1.877686e+00	9.667969e-01	
349	-1.887695e+00	9.686279e-01	
350	-1.881592e+00	9.681396e-01	
351	-1.905518e+00	9.748535e-01	
352	-1.895508e+00	9.718018e-01	
353	-1.880371e+00	9.677734e-01	
354	-1.885742e+00	9.689941e-01	
355	-1.881348e+00	9.678955e-01	
356	-1.879639e+00	9.671631e-01	
357	-1.879883e+00	9.672852e-01	
358	-1.885010e+00	9.688721e-01	
359	-1.892334e+00	9.708252e-01	
360	-1.892334e+00	9.705811e-01	
361	-1.883789e+00	9.682617e-01	
362	-1.884277e+00	9.691162e-01	
363	-1.897949e+00	9.719238e-01	
364	-1.881348e+00	9.670410e-01	
365	-1.878662e+00	9.674072e-01	
366	-1.885254e+00	9.685059e-01	
367	-1.870361e+00	9.648438e-01	
368	-1.875000e+00	9.652100e-01	
369	-1.881592e+00	9.676514e-01	
370	-1.882080e+00	9.677734e-01	
371	-1.885742e+00	9.696045e-01	
372	-1.883545e+00	9.680176e-01	
373	-1.875244e+00	9.670410e-01	
374	-1.890137e+00	9.699707e-01	
375	-1.877441e+00	9.669189e-01	
376	-1.886230e+00	9.687500e-01	
377	-1.892334e+00	9.713135e-01	
378	-1.873779e+00	9.653320e-01	
379	-1.895752e+00	9.718018e-01	
380	-1.870605e+00	9.655762e-01	
381	-1.876221e+00	9.659424e-01	
382	-1.889893e+00	9.704590e-01	
383	-1.879639e+00	9.675293e-01	
384	-1.891602e+00	9.707031e-01	
385	-1.892822e+00	9.709473e-01	
386	-1.888672e+00	9.698486e-01	
387	-1.882812e+00	9.681396e-01	
388	-1.887451e+00	9.692383e-01	
389	-1.875244e+00	9.656982e-01	
390	-1.882568e+00	9.682617e-01	
391	-1.878174e+00	9.675293e-01	
392	-1.897461e+00	9.716797e-01	
393	-1.888428e+00	9.702148e-01	
394	-1.884766e+00	9.689941e-01	
395	-1.873047e+00	9.652100e-01	
396	-1.889648e+00	9.705811e-01	
397	-1.878418e+00	9.659424e-01	
398	-1.887207e+00	9.689941e-01	
399	-1.893066e+00	9.707031e-01	
400	-1.900635e+00	9.732666e-01	
401	-1.874512e+00	9.653320e-01	
402	-1.884766e+00	9.680176e-01	
403	-1.876709e+00	9.663086e-01	
404	-1.893799e+00	9.710693e-01	
405	-1.889404e+00	9.693604e-01	
406	-1.901855e+00	9.737549e-01	
407	-1.887695e+00	9.691162e-01	
408	-1.884766e+00	9.685059e-01	
409	-1.879150e+00	9.672852e-01	
410	-1.892822e+00	9.699707e-01	
411	-1.883301e+00	9.685059e-01	
412	-1.876221e+00	9.663086e-01	
413	-1.885254e+00	9.681396e-01	
414	-1.880371e+00	9.675293e-01	
415	-1.882568e+00	9.688721e-01	
416	-1.892578e+00	9.707031e-01	
417	-1.887695e+00	9.686279e-01	
418	-1.880127e+00	9.670410e-01	
419	-1.886963e+00	9.691162e-01	
420	-1.890137e+00	9.708252e-01	
421	-1.891113e+00	9.702148e-01	
422	-1.887939e+00	9.691162e-01	
423	-1.875244e+00	9.656982e-01	
424	-1.878906e+00	9.670410e-01	
425	-1.882568e+00	9.670410e-01	
426	-1.892578e+00	9.708252e-01	
427	-1.886963e+00	9.688721e-01	
428	-1.884033e+00	9.683838e-01	
429	-1.882324e+00	9.677734e-01	
430	-1.893066e+00	9.711914e-01	
431	-1.874512e+00	9.661865e-01	
432	-1.877686e+00	9.663086e-01	
433	-1.888672e+00	9.691162e-01	
434	-1.883545e+00	9.676514e-01	
435	-1.893555e+00	9.708252e-01	
436	-1.885742e+00	9.687500e-01	
437	-1.888184e+00	9.691162e-01	
438	-1.884521e+00	9.682617e-01	
439	-1.881348e+00	9.676514e-01	
440	-1.887451e+00	9.696045e-01	
441	-1.880127e+00	9.671631e-01	
442	-1.874023e+00	9.653320e-01	
443	-1.876465e+00	9.664307e-01	
444	-1.890869e+00	9.700928e-01	
445	-1.887695e+00	9.693604e-01	
446	-1.874268e+00	9.658203e-01	
447	-1.875000e+00	9.652100e-01	
448	-1.879639e+00	9.667969e-01	
449	-1.884277e+00	9.682617e-01	
450	-1.885498e+00	9.691162e-01	
451	-1.872803e+00	9.656982e-01	
452	-1.880371e+00	9.680176e-01	
453	-1.894287e+00	9.711914e-01	
454	-1.885254e+00	9.685059e-01	
455	-1.876465e+00	9.659424e-01	
456	-1.884766e+00	9.682617e-01	
457	-1.890869e+00	9.700928e-01	
458	-1.881836e+00	9.678955e-01	
459	-1.879883e+00	9.670410e-01	
460	-1.884766e+00	9.686279e-01	
461	-1.884521e+00	9.683838e-01	
462	-1.901611e+00	9.731445e-01	
463	-1.881348e+00	9.675293e-01	
464	-1.878418e+00	9.665527e-01	
465	-1.883301e+00	9.686279e-01	
466	-1.899170e+00	9.727783e-01	
467	-1.889893e+00	9.696045e-01	
468	-1.882080e+00	9.674072e-01	
469	-1.886719e+00	9.689941e-01	
470	-1.889404e+00	9.702148e-01	
471	-1.879883e+00	9.680176e-01	
472	-1.866943e+00	9.636230e-01	
473	-1.859375e+00	9.617920e-01	
474	-1.882812e+00	9.671631e-01	
475	-1.885254e+00	9.681396e-01	
476	-1.871826e+00	9.652100e-01	
477	-1.890137e+00	9.698486e-01	
478	-1.894531e+00	9.711914e-01	
479	-1.882080e+00	9.677734e-01	
480	-1.884033e+00	9.681396e-01	
481	-1.875977e+00	9.659424e-01	
482	-1.877197e+00	9.654541e-01	
483	-1.873535e+00	9.661865e-01	
484	-1.885498e+00	9.688721e-01	
485	-1.885498e+00	9.685059e-01	
486	-1.880371e+00	9.669189e-01	
487	-1.877930e+00	9.672852e-01	
488	-1.889160e+00	9.700928e-01	
489	-1.891846e+00	9.708252e-01	
490	-1.892578e+00	9.709473e-01	
491	-1.879639e+00	9.666748e-01	
492	-1.870605e+00	9.643555e-01	
493	-1.866699e+00	9.626465e-01	
494	-1.884033e+00	9.685059e-01	
495	-1.879150e+00	9.674072e-01	
496	-1.866455e+00	9.638672e-01	
497	-1.884277e+00	9.682617e-01	
498	-1.862549e+00	9.626465e-01	
499	-1.878906e+00	9.672852e-01	
500	-1.874512e+00	9.660645e-01	
501	-1.875732e+00	9.655762e-01	
502	-1.873047e+00	9.648438e-01	
503	-1.878418e+00	9.658203e-01	
504	-1.887207e+00	9.699707e-01	
505	-1.895996e+00	9.720459e-01	
506	-1.894043e+00	9.710693e-01	
507	-1.892334e+00	9.714355e-01	
508	-1.881104e+00	9.678955e-01	
509	-1.889404e+00	9.699707e-01	
510	-1.884766e+00	9.686279e-01	
511	-1.880371e+00	9.676514e-01	
512	-1.883545e+00	9.678955e-01	
513	-1.882324e+00	9.674072e-01	
514	-1.889648e+00	9.699707e-01	
515	-1.886719e+00	9.691162e-01	
516	-1.882812e+00	9.685059e-01	
517	-1.884521e+00	9.691162e-01	
518	-1.878662e+00	9.674072e-01	
519	-1.885254e+00	9.687500e-01	
520	-1.886719e+00	9.686279e-01	
521	-1.878174e+00	9.669189e-01	
522	-1.872314e+00	9.647217e-01	
523	-1.885742e+00	9.683838e-01	
524	-1.885254e+00	9.689941e-01	
525	-1.884521e+00	9.693604e-01	
526	-1.892090e+00	9.700928e-01	
527	-1.884521e+00	9.682617e-01	
528	-1.885498e+00	9.693604e-01	
529	-1.886475e+00	9.689941e-01	
530	-1.880859e+00	9.674072e-01	
531	-1.885254e+00	9.682617e-01	
532	-1.894775e+00	9.714355e-01	
533	-1.890869e+00	9.704590e-01	
534	-1.880615e+00	9.675293e-01	
535	-1.888672e+00	9.698486e-01	
536	-1.886963e+00	9.700928e-01	
537	-1.877930e+00	9.664307e-01	
538	-1.881592e+00	9.676514e-01	
539	-1.881836e+00	9.676514e-01	
540	-1.878906e+00	9.675293e-01	
541	-1.882080e+00	9.678955e-01	
542	-1.888672e+00	9.704590e-01	
543	-1.878662e+00	9.660645e-01	
544	-1.882812e+00	9.680176e-01	
545	-1.890625e+00	9.707031e-01	
546	-1.884521e+00	9.686279e-01	
547	-1.870850e+00	9.650879e-01	
548	-1.880371e+00	9.665527e-01	
549	-1.880371e+00	9.675293e-01	
550	-1.871338e+00	9.645996e-01	
551	-1.872559e+00	9.643555e-01	
552	-1.877441e+00	9.659424e-01	
553	-1.878662e+00	9.661865e-01	
554	-1.868164e+00	9.639893e-01	
555	-1.868652e+00	9.635010e-01	
556	-1.888916e+00	9.692383e-01	
557	-1.889160e+00	9.698486e-01	
558	-1.870605e+00	9.649658e-01	
559	-1.878662e+00	9.667969e-01	
560	-1.889893e+00	9.697266e-01	
561	-1.873047e+00	9.656982e-01	
562	-1.873535e+00	9.655762e-01	
563	-1.886230e+00	9.688721e-01	
564	-1.877441e+00	9.665527e-01	
565	-1.879395e+00	9.671631e-01	
566	-1.889648e+00	9.697266e-01	
567	-1.882568e+00	9.675293e-01	
568	-1.890625e+00	9.704590e-01	
569	-1.876953e+00	9.665527e-01	
570	-1.885254e+00	9.683838e-01	
571	-1.876953e+00	9.658203e-01	
572	-1.879639e+00	9.666748e-01	
573	-1.893555e+00	9.707031e-01	
574	-1.885986e+00	9.688721e-01	
575	-1.899414e+00	9.735107e-01	
576	-1.884277e+00	9.681396e-01	
577	-1.889404e+00	9.698486e-01	
578	-1.885986e+00	9.686279e-01	
579	-1.894775e+00	9.716797e-01	
580	-1.872559e+00	9.649658e-01	
581	-1.871094e+00	9.648438e-01	
582	-1.888428e+00	9.693604e-01	
583	-1.890869e+00	9.704590e-01	
584	-1.888672e+00	9.694824e-01	
585	-1.889893e+00	9.692383e-01	
586	-1.892578e+00	9.703369e-01	
587	-1.887695e+00	9.691162e-01	
588	-1.867676e+00	9.638672e-01	
589	-1.875000e+00	9.653320e-01	
590	-1.892822e+00	9.711914e-01	
591	-1.888184e+00	9.691162e-01	
592	-1.872314e+00	9.645996e-01	
593	-1.874268e+00	9.658203e-01	
594	-1.882812e+00	9.677734e-01	
595	-1.890869e+00	9.696045e-01	
596	-1.885254e+00	9.685059e-01	
597	-1.885742e+00	9.689941e-01	
598	-1.879639e+00	9.670410e-01	
599	-1.882324e+00	9.675293e-01	
600	-1.885254e+00	9.689941e-01	
601	-1.885986e+00	9.686279e-01	
602	-1.873779e+00	9.661865e-01	
603	-1.878906e+00	9.671631e-01	
604	-1.890625e+00	9.710693e-01	
605	-1.880615e+00	9.674072e-01	
606	-1.863770e+00	9.621582e-01	
607	-1.883789e+00	9.675293e-01	
608	-1.893311e+00	9.714355e-01	
609	-1.877441e+00	9.669189e-01	
610	-1.889160e+00	9.696045e-01	
611	-1.874268e+00	9.658203e-01	
612	-1.886475e+00	9.685059e-01	
613	-1.895264e+00	9.720459e-01	
614	-1.892090e+00	9.710693e-01	
615	-1.876465e+00	9.661865e-01	
616	-1.891113e+00	9.698486e-01	
617	-1.893555e+00	9.719238e-01	
618	-1.879395e+00	9.674072e-01	
619	-1.878418e+00	9.658203e-01	
620	-1.886963e+00	9.689941e-01	
621	-1.873779e+00	9.654541e-01	
622	-1.885498e+00	9.689941e-01	
623	-1.881836e+00	9.683838e-01	
624	-1.881104e+00	9.675293e-01	
625	-1.885254e+00	9.682617e-01	
626	-1.876709e+00	9.665527e-01	
627	-1.883545e+00	9.680176e-01	
628	-1.884766e+00	9.688721e-01	
629	-1.898438e+00	9.732666e-01	
630	-1.870850e+00	9.648438e-01	
631	-1.869629e+00	9.641113e-01	
632	-1.899414e+00	9.727783e-01	
633	-1.885986e+00	9.696045e-01	
634	-1.890381e+00	9.705811e-01	
635	-1.883057e+00	9.693604e-01	
636	-1.893066e+00	9.704590e-01	
637	-1.877930e+00	9.670410e-01	
638	-1.891113e+00	9.710693e-01	
639	-1.888672e+00	9.698486e-01	
640	-1.896240e+00	9.713135e-01	
641	-1.864746e+00	9.632568e-01	
642	-1.881348e+00	9.681396e-01	
643	-1.877197e+00	9.663086e-01	
644	-1.879639e+00	9.674072e-01	
645	-1.883545e+00	9.683838e-01	
646	-1.882080e+00	9.675293e-01	
647	-1.889893e+00	9.702148e-01	
648	-1.876221e+00	9.664307e-01	
649	-1.873779e+00	9.658203e-01	
650	-1.880859e+00	9.675293e-01	
651	-1.869873e+00	9.638672e-01	
652	-1.871338e+00	9.648438e-01	
653	-1.884033e+00	9.681396e-01	
654	-1.881348e+00	9.682617e-01	
655	-1.882812e+00	9.677734e-01	
656	-1.894043e+00	9.718018e-01	
657	-1.889893e+00	9.699707e-01	
658	-1.890869e+00	9.703369e-01	
659	-1.901855e+00	9.741211e-01	
660	-1.885498e+00	9.685059e-01	
661	-1.886719e+00	9.697266e-01	
662	-1.866943e+00	9.638672e-01	
663	-1.871094e+00	9.635010e-01	
664	-1.872314e+00	9.648438e-01	
665	-1.869629e+00	9.638672e-01	
666	-1.877930e+00	9.653320e-01	
667	-1.872559e+00	9.639893e-01	
668	-1.882324e+00	9.680176e-01	
669	-1.877441e+00	9.661865e-01	
670	-1.878418e+00	9.671631e-01	
671	-1.882812e+00	9.681396e-01	
672	-1.894531e+00	9.713135e-01	
673	-1.883057e+00	9.680176e-01	
674	-1.879883e+00	9.681396e-01	
675	-1.885254e+00	9.696045e-01	
676	-1.875977e+00	9.667969e-01	
677	-1.885742e+00	9.683838e-01	
678	-1.877441e+00	9.665527e-01	
679	-1.880859e+00	9.678955e-01	
680	-1.875977e+00	9.663086e-01	
681	-1.874023e+00	9.660645e-01	
682	-1.871582e+00	9.650879e-01	
683	-1.882324e+00	9.683838e-01	
684	-1.903076e+00	9.736328e-01	
685	-1.885986e+00	9.685059e-01	
686	-1.894531e+00	9.713135e-01	
687	-1.882568e+00	9.685059e-01	
688	-1.875244e+00	9.659424e-01	
689	-1.876221e+00	9.656982e-01	
690	-1.874756e+00	9.658203e-01	
691	-1.883057e+00	9.680176e-01	
692	-1.882568e+00	9.676514e-01	
693	-1.883057e+00	9.685059e-01	
694	-1.889648e+00	9.691162e-01	
695	-1.873535e+00	9.650879e-01	
696	-1.883545e+00	9.683838e-01	
697	-1.872803e+00	9.645996e-01	
698	-1.892090e+00	9.707031e-01	
699	-1.883057e+00	9.682617e-01	
700	-1.883545e+00	9.675293e-01	
701	-1.876709e+00	9.653320e-01	
702	-1.871826e+00	9.642334e-01	
703	-1.872070e+00	9.648438e-01	
704	-1.881836e+00	9.682617e-01	
705	-1.877930e+00	9.663086e-01	
706	-1.881592e+00	9.675293e-01	
707	-1.874023e+00	9.663086e-01	
708	-1.886963e+00	9.688721e-01	
709	-1.874268e+00	9.654541e-01	
710	-1.881836e+00	9.675293e-01	
711	-1.882812e+00	9.678955e-01	
712	-1.882568e+00	9.675293e-01	
713	-1.892822e+00	9.705811e-01	
714	-1.896973e+00	9.720459e-01	
715	-1.881836e+00	9.678955e-01	
716	-1.887695e+00	9.693604e-01	
717	-1.888428e+00	9.698486e-01	
718	-1.891357e+00	9.703369e-01	
719	-1.888184e+00	9.699707e-01	
720	-1.893066e+00	9.705811e-01	
721	-1.899414e+00	9.724121e-01	
722	-1.873779e+00	9.649658e-01	
723	-1.885986e+00	9.688721e-01	
724	-1.876953e+00	9.649658e-01	
725	-1.883057e+00	9.681396e-01	
726	-1.881592e+00	9.680176e-01	
727	-1.898438e+00	9.719238e-01	
728	-1.884766e+00	9.688721e-01	
729	-1.891602e+00	9.708252e-01	
730	-1.880371e+00	9.666748e-01	
731	-1.883545e+00	9.686279e-01	
732	-1.889648e+00	9.698486e-01	
733	-1.880127e+00	9.680176e-01	
734	-1.868164e+00	9.635010e-01	
735	-1.872070e+00	9.650879e-01	
736	-1.895752e+00	9.714355e-01	
737	-1.888184e+00	9.696045e-01	
738	-1.877441e+00	9.675293e-01	
739	-1.881348e+00	9.681396e-01	
740	-1.879395e+00	9.675293e-01	
741	-1.881592e+00	9.677734e-01	
742	-1.881348e+00	9.681396e-01	
743	-1.883545e+00	9.681396e-01	
744	-1.893311e+00	9.710693e-01	
745	-1.890625e+00	9.702148e-01	
746	-1.901855e+00	9.729004e-01	
747	-1.894287e+00	9.710693e-01	
748	-1.888916e+00	9.702148e-01	
749	-1.874268e+00	9.655762e-01	
750	-1.872070e+00	9.645996e-01	
751	-1.873535e+00	9.656982e-01	
752	-1.879150e+00	9.665527e-01	
753	-1.885986e+00	9.686279e-01	
754	-1.887451e+00	9.691162e-01	
755	-1.889160e+00	9.702148e-01	
756	-1.874756e+00	9.659424e-01	
757	-1.885498e+00	9.678955e-01	
758	-1.889160e+00	9.699707e-01	
759	-1.893555e+00	9.716797e-01	
760	-1.884033e+00	9.680176e-01	
761	-1.883301e+00	9.686279e-01	
762	-1.887939e+00	9.687500e-01	
763	-1.882080e+00	9.681396e-01	
764	-1.880859e+00	9.686279e-01	
765	-1.893311e+00	9.715576e-01	
766	-1.894043e+00	9.715576e-01	
767	-1.890137e+00	9.702148e-01	
768	-1.875977e+00	9.665527e-01	
769	-1.889648e+00	9.697266e-01	
770	-1.884033e+00	9.681396e-01	
771	-1.886475e+00	9.694824e-01	
772	-1.895264e+00	9.715576e-01	
773	-1.878906e+00	9.667969e-01	
774	-1.900879e+00	9.736328e-01	
775	-1.901855e+00	9.732666e-01	
776	-1.880859e+00	9.680176e-01	
777	-1.875977e+00	9.663086e-01	
778	-1.877441e+00	9.664307e-01	
779	-1.883545e+00	9.683838e-01	
780	-1.875977e+00	9.660645e-01	
781	-1.885254e+00	9.691162e-01	
782	-1.874756e+00	9.660645e-01	
783	-1.874512e+00	9.653320e-01	
784	-1.878906e+00	9.664307e-01	
785	-1.868896e+00	9.637451e-01	
786	-1.876709e+00	9.659424e-01	
787	-1.877930e+00	9.664307e-01	
788	-1.881104e+00	9.675293e-01	
789	-1.868652e+00	9.633789e-01	
790	-1.886719e+00	9.691162e-01	
791	-1.882324e+00	9.670410e-01	
792	-1.873535e+00	9.645996e-01	
793	-1.882080e+00	9.676514e-01	
794	-1.891846e+00	9.704590e-01	
795	-1.887207e+00	9.697266e-01	
796	-1.886230e+00	9.691162e-01	
797	-1.893555e+00	9.713135e-01	
798	-1.888428e+00	9.694824e-01	
799	-1.881836e+00	9.667969e-01	
800	-1.871338e+00	9.647217e-01	
801	-1.892090e+00	9.702148e-01	
802	-1.879395e+00	9.672852e-01	
803	-1.880127e+00	9.678955e-01	
804	-1.885254e+00	9.686279e-01	
805	-1.878906e+00	9.663086e-01	
806	-1.885742e+00	9.688721e-01	
807	-1.879883e+00	9.671631e-01	
808	-1.881592e+00	9.674072e-01	
809	-1.888672e+00	9.698486e-01	
810	-1.896484e+00	9.725342e-01	
811	-1.884766e+00	9.691162e-01	
812	-1.880615e+00	9.676514e-01	
813	-1.887695e+00	9.691162e-01	
814	-1.884277e+00	9.685059e-01	
815	-1.888916e+00	9.697266e-01	
816	-1.892334e+00	9.713135e-01	
817	-1.887451e+00	9.687500e-01	
818	-1.882568e+00	9.676514e-01	
819	-1.888428e+00	9.696045e-01	
820	-1.881836e+00	9.680176e-01	
821	-1.884766e+00	9.689941e-01	
822	-1.874756e+00	9.654541e-01	
823	-1.877197e+00	9.666748e-01	
824	-1.897705e+00	9.724121e-01	
825	-1.883057e+00	9.685059e-01	
826	-1.890137e+00	9.704590e-01	
827	-1.880615e+00	9.678955e-01	
828	-1.883789e+00	9.682617e-01	
829	-1.881836e+00	9.682617e-01	
830	-1.885010e+00	9.691162e-01	
831	-1.885254e+00	9.687500e-01	
832	-1.885498e+00	9.689941e-01	
833	-1.885986e+00	9.692383e-01	
834	-1.889648e+00	9.708252e-01	
835	-1.898193e+00	9.720459e-01	
836	-1.873291e+00	9.650879e-01	
837	-1.884033e+00	9.683838e-01	
838	-1.880859e+00	9.675293e-01	
839	-1.887695e+00	9.693604e-01	
840	-1.881348e+00	9.667969e-01	
841	-1.898682e+00	9.724121e-01	
842	-1.877197e+00	9.665527e-01	
843	-1.890381e+00	9.691162e-01	
844	-1.884766e+00	9.689941e-01	
845	-1.883545e+00	9.680176e-01	
846	-1.876465e+00	9.655762e-01	
847	-1.880371e+00	9.670410e-01	
848	-1.886475e+00	9.681396e-01	
849	-1.890869e+00	9.707031e-01	
850	-1.892334e+00	9.703369e-01	
851	-1.877197e+00	9.667969e-01	
852	-1.875244e+00	9.659424e-01	
853	-1.891602e+00	9.704590e-01	
854	-1.884766e+00	9.687500e-01	
855	-1.873047e+00	9.658203e-01	
856	-1.879639e+00	9.671631e-01	
857	-1.884521e+00	9.692383e-01	
858	-1.864502e+00	9.624023e-01	
859	-1.884277e+00	9.675293e-01	
860	-1.884766e+00	9.680176e-01	
861	-1.887939e+00	9.693604e-01	
862	-1.885742e+00	9.686279e-01	
863	-1.880127e+00	9.669189e-01	
864	-1.879883e+00	9.667969e-01	
865	-1.886475e+00	9.687500e-01	
866	-1.879639e+00	9.680176e-01	
867	-1.872559e+00	9.645996e-01	
868	-1.873047e+00	9.642334e-01	
869	-1.868408e+00	9.639893e-01	
870	-1.895264e+00	9.721680e-01	
871	-1.880859e+00	9.669189e-01	
872	-1.872559e+00	9.649658e-01	
873	-1.888428e+00	9.692383e-01	
874	-1.889160e+00	9.694824e-01	
875	-1.877686e+00	9.663086e-01	
876	-1.874512e+00	9.656982e-01	
877	-1.884033e+00	9.678955e-01	
878	-1.896973e+00	9.724121e-01	
879	-1.879150e+00	9.671631e-01	
880	-1.882812e+00	9.671631e-01	
881	-1.877441e+00	9.660645e-01	
882	-1.893066e+00	9.708252e-01	
883	-1.872314e+00	9.654541e-01	
884	-1.881104e+00	9.676514e-01	
885	-1.893311e+00	9.710693e-01	
886	-1.883545e+00	9.682617e-01	
887	-1.871826e+00	9.653320e-01	
888	-1.883545e+00	9.685059e-01	
889	-1.885986e+00	9.688721e-01	
890	-1.881592e+00	9.675293e-01	
891	-1.885010e+00	9.687500e-01	
892	-1.877686e+00	9.669189e-01	
893	-1.885986e+00	9.682617e-01	
894	-1.875732e+00	9.658203e-01	
895	-1.886719e+00	9.686279e-01	
896	-1.885254e+00	9.685059e-01	
897	-1.902100e+00	9.738770e-01	
898	-1.872559e+00	9.656982e-01	
899	-1.876465e+00	9.656982e-01	
900	-1.878418e+00	9.663086e-01	
901	-1.893066e+00	9.702148e-01	
902	-1.903076e+00	9.731445e-01	
903	-1.888428e+00	9.694824e-01	
904	-1.887207e+00	9.691162e-01	
905	-1.886719e+00	9.689941e-01	
906	-1.895996e+00	9.716797e-01	
907	-1.885986e+00	9.685059e-01	
908	-1.881104e+00	9.663086e-01	
909	-1.885498e+00	9.683838e-01	
910	-1.876953e+00	9.655762e-01	
911	-1.881348e+00	9.674072e-01	
912	-1.881104e+00	9.674072e-01	
913	-1.876465e+00	9.669189e-01	
914	-1.880615e+00	9.672852e-01	
915	-1.874512e+00	9.656982e-01	
916	-1.871582e+00	9.647217e-01	
917	-1.877441e+00	9.661865e-01	
918	-1.880859e+00	9.670410e-01	
919	-1.862793e+00	9.622803e-01	
920	-1.873779e+00	9.649658e-01	
921	-1.891113e+00	9.705811e-01	
922	-1.878418e+00	9.670410e-01	
923	-1.892334e+00	9.702148e-01	
924	-1.884766e+00	9.685059e-01	
925	-1.895020e+00	9.720459e-01	
926	-1.890137e+00	9.697266e-01	
927	-1.884033e+00	9.686279e-01	
928	-1.879639e+00	9.671631e-01	
929	-1.872803e+00	9.650879e-01	
930	-1.877441e+00	9.660645e-01	
931	-1.863281e+00	9.625244e-01	
932	-1.875732e+00	9.652100e-01	
933	-1.885498e+00	9.686279e-01	
934	-1.864990e+00	9.632568e-01	
935	-1.874268e+00	9.656982e-01	
936	-1.886963e+00	9.687500e-01	
937	-1.876709e+00	9.659424e-01	
938	-1.877930e+00	9.667969e-01	
939	-1.896484e+00	9.716797e-01	
940	-1.875977e+00	9.659424e-01	
941	-1.882324e+00	9.682617e-01	
942	-1.884521e+00	9.687500e-01	
943	-1.883057e+00	9.682617e-01	
944	-1.875000e+00	9.666748e-01	
945	-1.869629e+00	9.639893e-01	
946	-1.885742e+00	9.691162e-01	
947	-1.878418e+00	9.674072e-01	
948	-1.887939e+00	9.698486e-01	
949	-1.875000e+00	9.660645e-01	
950	-1.876953e+00	9.656982e-01	
951	-1.878418e+00	9.665527e-01	
952	-1.891846e+00	9.707031e-01	
953	-1.885742e+00	9.696045e-01	
954	-1.895264e+00	9.722900e-01	
955	-1.876709e+00	9.671631e-01	
956	-1.878418e+00	9.667969e-01	
957	-1.878418e+00	9.670410e-01	
958	-1.866211e+00	9.630127e-01	
959	-1.877197e+00	9.661865e-01	
960	-1.891357e+00	9.710693e-01	
961	-1.884033e+00	9.677734e-01	
962	-1.879150e+00	9.671631e-01	
963	-1.883789e+00	9.685059e-01	
964	-1.867188e+00	9.641113e-01	
965	-1.883301e+00	9.682617e-01	
966	-1.881348e+00	9.670410e-01	
967	-1.876465e+00	9.659424e-01	
968	-1.880127e+00	9.667969e-01	
969	-1.875732e+00	9.666748e-01	
970	-1.873779e+00	9.660645e-01	
971	-1.874512e+00	9.653320e-01	
972	-1.887207e+00	9.693604e-01	
973	-1.893311e+00	9.705811e-01	
974	-1.888184e+00	9.691162e-01	
975	-1.886475e+00	9.691162e-01	
976	-1.890869e+00	9.709473e-01	
977	-1.892578e+00	9.710693e-01	
978	-1.896729e+00	9.722900e-01	
979	-1.888428e+00	9.699707e-01	
980	-1.878418e+00	9.666748e-01	
981	-1.892090e+00	9.708252e-01	
982	-1.885254e+00	9.691162e-01	
983	-1.881836e+00	9.677734e-01	
984	-1.867676e+00	9.628906e-01	
985	-1.885010e+00	9.681396e-01	
986	-1.883789e+00	9.678955e-01	
987	-1.887207e+00	9.694824e-01	
988	-1.876465e+00	9.664307e-01	
989	-1.881592e+00	9.670410e-01	
990	-1.871582e+00	9.644775e-01	
991	-1.887939e+00	9.698486e-01	
992	-1.890625e+00	9.705811e-01	
993	-1.881592e+00	9.686279e-01	
994	-1.898193e+00	9.725342e-01	
995	-1.888428e+00	9.699707e-01	
996	-1.880127e+00	9.661865e-01	
997	-1.899658e+00	9.726562e-01	
998	-1.901367e+00	9.739990e-01	
999	-1.878174e+00	9.663086e-01	
1000	-1.884766e+00	9.682617e-01	
1001	-1.890625e+00	9.707031e-01	
1002	-1.884033e+00	9.683838e-01	
1003	-1.899658e+00	9.725342e-01	
1004	-1.899902e+00	9.730225e-01	
1005	-1.886719e+00	9.702148e-01	
1006	-1.898438e+00	9.727783e-01	
1007	-1.887451e+00	9.692383e-01	
1008	-1.890137e+00	9.702148e-01	
1009	-1.882812e+00	9.677734e-01	
1010	-1.885498e+00	9.691162e-01	
1011	-1.894287e+00	9.711914e-01	
1012	-1.892090e+00	9.709473e-01	
1013	-1.876221e+00	9.664307e-01	
1014	-1.878906e+00	9.670410e-01	
1015	-1.876221e+00	9.666748e-01	
1016	-1.883301e+00	9.683838e-01	
1017	-1.895020e+00	9.719238e-01	
1018	-1.891846e+00	9.703369e-01	
1019	-1.882324e+00	9.677734e-01	
1020	-1.874756e+00	9.658203e-01	
1021	-1.885254e+00	9.686279e-01	
1022	-1.896973e+00	9.713135e-01	
1023	-1.882080e+00	9.672852e-01	
1024	-1.877686e+00	9.667969e-01	
1025	-1.878174e+00	9.665527e-01	
1026	-1.883301e+00	9.681396e-01	
1027	-1.888672e+00	9.700928e-01	
1028	-1.896973e+00	9.719238e-01	
1029	-1.869385e+00	9.647217e-01	
1030	-1.878174e+00	9.664307e-01	
1031	-1.899170e+00	9.722900e-01	
1032	-1.879639e+00	9.675293e-01	
1033	-1.888916e+00	9.697266e-01	
1034	-1.888672e+00	9.700928e-01	
1035	-1.885986e+00	9.688721e-01	
1036	-1.875732e+00	9.658203e-01	
1037	-1.877197e+00	9.671631e-01	
1038	-1.878418e+00	9.670410e-01	
1039	-1.896729e+00	9.719238e-01	
1040	-1.896240e+00	9.718018e-01	
1041	-1.881836e+00	9.675293e-01	
1042	-1.884277e+00	9.678955e-01	
1043	-1.889404e+00	9.698486e-01	
1044	-1.868164e+00	9.632568e-01	
1045	-1.870850e+00	9.644775e-01	
1046	-1.880127e+00	9.674072e-01	
1047	-1.899902e+00	9.729004e-01	
1048	-1.893799e+00	9.711914e-01	
1049	-1.888184e+00	9.698486e-01	
1050	-1.878662e+00	9.661865e-01	
1051	-1.882812e+00	9.680176e-01	
1052	-1.886475e+00	9.689941e-01	
1053	-1.886230e+00	9.685059e-01	
1054	-1.877930e+00	9.663086e-01	
1055	-1.883545e+00	9.680176e-01	
1056	-1.875977e+00	9.655762e-01	
1057	-1.881592e+00	9.677734e-01	
1058	-1.880371e+00	9.681396e-01	
1059	-1.889404e+00	9.700928e-01	
1060	-1.891846e+00	9.700928e-01	
1061	-1.869629e+00	9.645996e-01	
1062	-1.875732e+00	9.654541e-01	
1063	-1.895020e+00	9.709473e-01	
1064	-1.882568e+00	9.676514e-01	
1065	-1.889404e+00	9.704590e-01	
1066	-1.892822e+00	9.710693e-01	
1067	-1.898193e+00	9.730225e-01	
1068	-1.890625e+00	9.705811e-01	
1069	-1.876709e+00	9.653320e-01	
1070	-1.872314e+00	9.644775e-01	
1071	-1.886719e+00	9.693604e-01	
1072	-1.891846e+00	9.702148e-01	
1073	-1.890869e+00	9.697266e-01	
1074	-1.881592e+00	9.669189e-01	
1075	-1.899902e+00	9.726562e-01	
1076	-1.883057e+00	9.678955e-01	
1077	-1.875488e+00	9.650879e-01	
1078	-1.882568e+00	9.680176e-01	
1079	-1.888184e+00	9.702148e-01	
1080	-1.875488e+00	9.656982e-01	
1081	-1.898682e+00	9.718018e-01	
1082	-1.885986e+00	9.686279e-01	
1083	-1.885254e+00	9.688721e-01	
1084	-1.891113e+00	9.697266e-01	
1085	-1.877930e+00	9.658203e-01	
1086	-1.885010e+00	9.691162e-01	
1087	-1.882568e+00	9.676514e-01	
1088	-1.884277e+00	9.678955e-01	
1089	-1.882812e+00	9.682617e-01	
1090	-1.885254e+00	9.689941e-01	
1091	-1.873291e+00	9.652100e-01	
1092	-1.884766e+00	9.691162e-01	
1093	-1.872314e+00	9.654541e-01	
1094	-1.881592e+00	9.670410e-01	
1095	-1.889160e+00	9.699707e-01	
1096	-1.889160e+00	9.698486e-01	
1097	-1.867676e+00	9.635010e-01	
1098	-1.883057e+00	9.677734e-01	
1099	-1.879883e+00	9.670410e-01	
1100	-1.887451e+00	9.691162e-01	
1101	-1.885986e+00	9.680176e-01	
1102	-1.871826e+00	9.645996e-01	
1103	-1.885010e+00	9.683838e-01	
1104	-1.875977e+00	9.658203e-01	
1105	-1.874756e+00	9.667969e-01	
1106	-1.879883e+00	9.675293e-01	
1107	-1.879639e+00	9.672852e-01	
1108	-1.879883e+00	9.667969e-01	
1109	-1.895020e+00	9.708252e-01	
1110	-1.881836e+00	9.675293e-01	
1111	-1.883545e+00	9.680176e-01	
1112	-1.880371e+00	9.676514e-01	
1113	-1.888916e+00	9.698486e-01	
1114	-1.904053e+00	9.741211e-01	
1115	-1.875244e+00	9.653320e-01	
1116	-1.886719e+00	9.691162e-01	
1117	-1.879883e+00	9.670410e-01	
1118	-1.882080e+00	9.677734e-01	
1119	-1.876709e+00	9.659424e-01	
1120	-1.889160e+00	9.699707e-01	
1121	-1.877686e+00	9.666748e-01	
1122	-1.886719e+00	9.689941e-01	
1123	-1.878418e+00	9.669189e-01	
1124	-1.889160e+00	9.699707e-01	
1125	-1.873779e+00	9.644775e-01	
1126	-1.877441e+00	9.664307e-01	
1127	-1.867432e+00	9.641113e-01	
1128	-1.901123e+00	9.731445e-01	
1129	-1.882568e+00	9.678955e-01	
1130	-1.882812e+00	9.682617e-01	
1131	-1.881836e+00	9.683838e-01	
1132	-1.892090e+00	9.718018e-01	
1133	-1.879395e+00	9.672852e-01	
1134	-1.881104e+00	9.683838e-01	
1135	-1.871582e+00	9.647217e-01	
1136	-1.882080e+00	9.680176e-01	
1137	-1.887695e+00	9.686279e-01	
1138	-1.879150e+00	9.681396e-01	
1139	-1.881104e+00	9.670410e-01	
1140	-1.885986e+00	9.683838e-01	
1141	-1.880615e+00	9.675293e-01	
1142	-1.885254e+00	9.689941e-01	
1143	-1.884277e+00	9.687500e-01	
1144	-1.883301e+00	9.685059e-01	
1145	-1.885498e+00	9.687500e-01	
1146	-1.870117e+00	9.645996e-01	
1147	-1.880127e+00	9.675293e-01	
1148	-1.880859e+00	9.676514e-01	
1149	-1.873047e+00	9.649658e-01	
1150	-1.880127e+00	9.672852e-01	
1151	-1.877197e+00	9.659424e-01	
1152	-1.877930e+00	9.664307e-01	
1153	-1.878418e+00	9.669189e-01	
1154	-1.888916e+00	9.699707e-01	
1155	-1.894043e+00	9.713135e-01	
1156	-1.876709e+00	9.664307e-01	
1157	-1.880859e+00	9.678955e-01	
1158	-1.896973e+00	9.713135e-01	
1159	-1.889160e+00	9.702148e-01	
1160	-1.886475e+00	9.692383e-01	
1161	-1.885010e+00	9.693604e-01	
1162	-1.887695e+00	9.692383e-01	
1163	-1.884766e+00	9.685059e-01	
1164	-1.896729e+00	9.725342e-01	
1165	-1.895752e+00	9.711914e-01	
1166	-1.871094e+00	9.647217e-01	
1167	-1.885742e+00	9.685059e-01	
1168	-1.879150e+00	9.671631e-01	
1169	-1.869385e+00	9.641113e-01	
1170	-1.884277e+00	9.680176e-01	
1171	-1.884033e+00	9.683838e-01	
1172	-1.878174e+00	9.669189e-01	
1173	-1.880615e+00	9.674072e-01	
1174	-1.872803e+00	9.645996e-01	
1175	-1.878174e+00	9.661865e-01	
1176	-1.891357e+00	9.709473e-01	
1177	-1.879883e+00	9.678955e-01	
1178	-1.886963e+00	9.699707e-01	
1179	-1.881836e+00	9.687500e-01	
1180	-1.886963e+00	9.689941e-01	
1181	-1.901855e+00	9.741211e-01	
1182	-1.881104e+00	9.677734e-01	
1183	-1.887207e+00	9.699707e-01	
1184	-1.888672e+00	9.700928e-01	
1185	-1.876465e+00	9.658203e-01	
1186	-1.879150e+00	9.667969e-01	
1187	-1.882812e+00	9.686279e-01	
1188	-1.882080e+00	9.683838e-01	
1189	-1.887695e+00	9.693604e-01	
1190	-1.892090e+00	9.709473e-01	
1191	-1.888184e+00	9.696045e-01	
1192	-1.894043e+00	9.710693e-01	
1193	-1.889160e+00	9.697266e-01	
1194	-1.887451e+00	9.687500e-01	
1195	-1.888184e+00	9.697266e-01	
1196	-1.896729e+00	9.725342e-01	
1197	-1.878418e+00	9.656982e-01	
1198	-1.879883e+00	9.671631e-01	
1199	-1.884277e+00	9.686279e-01	
1200	-1.885254e+00	9.677734e-01	
1201	-1.890869e+00	9.698486e-01	
1202	-1.887695e+00	9.689941e-01	
1203	-1.868896e+00	9.645996e-01	
1204	-1.875732e+00	9.660645e-01	
1205	-1.885986e+00	9.696045e-01	
1206	-1.898682e+00	9.725342e-01	
1207	-1.882812e+00	9.687500e-01	
1208	-1.885010e+00	9.688721e-01	
1209	-1.888916e+00	9.697266e-01	
1210	-1.881592e+00	9.664307e-01	
1211	-1.877197e+00	9.669189e-01	
1212	-1.886230e+00	9.689941e-01	
1213	-1.885254e+00	9.696045e-01	
1214	-1.880371e+00	9.671631e-01	
1215	-1.876221e+00	9.664307e-01	
1216	-1.887939e+00	9.691162e-01	
1217	-1.873047e+00	9.648438e-01	
1218	-1.875488e+00	9.663086e-01	
1219	-1.899658e+00	9.731445e-01	
1220	-1.883057e+00	9.682617e-01	
1221	-1.882080e+00	9.676514e-01	
1222	-1.867676e+00	9.649658e-01	
1223	-1.875732e+00	9.660645e-01	
1224	-1.888672e+00	9.698486e-01	
1225	-1.878418e+00	9.661865e-01	
1226	-1.900391e+00	9.733887e-01	
1227	-1.890869e+00	9.707031e-01	
1228	-1.882568e+00	9.678955e-01	
1229	-1.889404e+00	9.699707e-01	
1230	-1.878906e+00	9.669189e-01	
1231	-1.882812e+00	9.671631e-01	
1232	-1.880859e+00	9.677734e-01	
1233	-1.882324e+00	9.687500e-01	
1234	-1.881348e+00	9.678955e-01	
1235	-1.882812e+00	9.682617e-01	
1236	-1.869629e+00	9.642334e-01	
1237	-1.888184e+00	9.697266e-01	
1238	-1.882568e+00	9.681396e-01	
1239	-1.866699e+00	9.628906e-01	
1240	-1.883789e+00	9.678955e-01	
1241	-1.896729e+00	9.718018e-01	
1242	-1.875977e+00	9.660645e-01	
1243	-1.889404e+00	9.700928e-01	
1244	-1.880127e+00	9.675293e-01	
1245	-1.877441e+00	9.659424e-01	
1246	-1.876465e+00	9.659424e-01	
1247	-1.875977e+00	9.650879e-01	
1248	-1.869629e+00	9.639893e-01	
1249	-1.874268e+00	9.644775e-01	
1250	-1.874512e+00	9.653320e-01	
1251	-1.876709e+00	9.664307e-01	
1252	-1.886475e+00	9.691162e-01	
1253	-1.896484e+00	9.722900e-01	
1254	-1.878662e+00	9.671631e-01	
1255	-1.879639e+00	9.665527e-01	
1256	-1.897949e+00	9.716797e-01	
1257	-1.893555e+00	9.710693e-01	
1258	-1.891846e+00	9.702148e-01	
1259	-1.883789e+00	9.685059e-01	
1260	-1.865234e+00	9.626465e-01	
1261	-1.874023e+00	9.666748e-01	
1262	-1.875488e+00	9.659424e-01	
1263	-1.871582e+00	9.649658e-01	
1264	-1.876709e+00	9.665527e-01	
1265	-1.883789e+00	9.670410e-01	
1266	-1.888672e+00	9.700928e-01	
1267	-1.880127e+00	9.681396e-01	
1268	-1.882324e+00	9.677734e-01	
1269	-1.873291e+00	9.654541e-01	
1270	-1.892334e+00	9.707031e-01	
1271	-1.892578e+00	9.709473e-01	
1272	-1.877930e+00	9.666748e-01	
1273	-1.875977e+00	9.661865e-01	
1274	-1.880371e+00	9.678955e-01	
1275	-1.861328e+00	9.620361e-01	
1276	-1.872314e+00	9.642334e-01	
1277	-1.885254e+00	9.685059e-01	
1278	-1.884766e+00	9.687500e-01	
1279	-1.879639e+00	9.665527e-01	
1280	-1.901123e+00	9.724121e-01	
1281	-1.883301e+00	9.680176e-01	
1282	-1.880371e+00	9.675293e-01	
1283	-1.889404e+00	9.708252e-01	
1284	-1.867920e+00	9.635010e-01	
1285	-1.873535e+00	9.642334e-01	
1286	-1.875732e+00	9.654541e-01	
1287	-1.877686e+00	9.669189e-01	
1288	-1.891602e+00	9.705811e-01	
1289	-1.889648e+00	9.698486e-01	
1290	-1.895264e+00	9.719238e-01	
1291	-1.888428e+00	9.699707e-01	
1292	-1.876221e+00	9.660645e-01	
1293	-1.887695e+00	9.683838e-01	
1294	-1.875244e+00	9.648438e-01	
1295	-1.871338e+00	9.647217e-01	
1296	-1.882568e+00	9.674072e-01	
1297	-1.885986e+00	9.688721e-01	
1298	-1.883545e+00	9.683838e-01	
1299	-1.894775e+00	9.715576e-01	
1300	-1.881104e+00	9.678955e-01	
1301	-1.873535e+00	9.655762e-01	
1302	-1.890381e+00	9.696045e-01	
1303	-1.876465e+00	9.663086e-01	
1304	-1.881348e+00	9.674072e-01	
1305	-1.873779e+00	9.652100e-01	
1306	-1.883545e+00	9.677734e-01	
1307	-1.884277e+00	9.681396e-01	
1308	-1.886963e+00	9.687500e-01	
1309	-1.876953e+00	9.666748e-01	
1310	-1.887695e+00	9.692383e-01	
1311	-1.874023e+00	9.648438e-01	
1312	-1.888428e+00	9.689941e-01	
1313	-1.885010e+00	9.681396e-01	
1314	-1.886475e+00	9.677734e-01	
1315	-1.887695e+00	9.699707e-01	
1316	-1.880615e+00	9.669189e-01	
1317	-1.854004e+00	9.597168e-01	
1318	-1.878662e+00	9.677734e-01	
1319	-1.889160e+00	9.696045e-01	
1320	-1.878906e+00	9.677734e-01	
1321	-1.885010e+00	9.685059e-01	
1322	-1.880127e+00	9.675293e-01	
1323	-1.890869e+00	9.704590e-01	
1324	-1.876709e+00	9.656982e-01	
1325	-1.889404e+00	9.693604e-01	
1326	-1.875000e+00	9.661865e-01	
1327	-1.891846e+00	9.697266e-01	
1328	-1.878906e+00	9.666748e-01	
1329	-1.875000e+00	9.664307e-01	
1330	-1.876953e+00	9.660645e-01	
1331	-1.873047e+00	9.644775e-01	
1332	-1.890381e+00	9.703369e-01	
1333	-1.877441e+00	9.674072e-01	
1334	-1.877686e+00	9.664307e-01	
1335	-1.892822e+00	9.713135e-01	
1336	-1.884277e+00	9.689941e-01	
1337	-1.887451e+00	9.689941e-01	
1338	-1.876953e+00	9.665527e-01	
1339	-1.875488e+00	9.665527e-01	
1340	-1.881836e+00	9.674072e-01	
1341	-1.883789e+00	9.680176e-01	
1342	-1.892822e+00	9.711914e-01	
1343	-1.893311e+00	9.713135e-01	
1344	-1.877197e+00	9.667969e-01	
1345	-1.885498e+00	9.683838e-01	
1346	-1.901611e+00	9.733887e-01	
1347	-1.889893e+00	9.693604e-01	
1348	-1.882812e+00	9.683838e-01	
1349	-1.884521e+00	9.686279e-01	
1350	-1.882324e+00	9.667969e-01	
1351	-1.864990e+00	9.628906e-01	
1352	-1.875977e+00	9.661865e-01	
1353	-1.894531e+00	9.713135e-01	
1354	-1.870605e+00	9.653320e-01	
1355	-1.887695e+00	9.689941e-01	
1356	-1.874512e+00	9.649658e-01	
1357	-1.879395e+00	9.670410e-01	
1358	-1.886475e+00	9.688721e-01	
1359	-1.888916e+00	9.698486e-01	
1360	-1.895508e+00	9.721680e-01	
1361	-1.871094e+00	9.654541e-01	
1362	-1.907959e+00	9.743652e-01	
1363	-1.883057e+00	9.686279e-01	
1364	-1.881348e+00	9.674072e-01	
1365	-1.885986e+00	9.693604e-01	
1366	-1.879883e+00	9.674072e-01	
1367	-1.895752e+00	9.716797e-01	
1368	-1.896240e+00	9.721680e-01	
1369	-1.873779e+00	9.653320e-01	
1370	-1.880127e+00	9.660645e-01	
1371	-1.875000e+00	9.663086e-01	
1372	-1.873291e+00	9.649658e-01	
1373	-1.888428e+00	9.696045e-01	
1374	-1.878906e+00	9.670410e-01	
1375	-1.865723e+00	9.628906e-01	
1376	-1.879150e+00	9.666748e-01	
1377	-1.888672e+00	9.692383e-01	
1378	-1.885010e+00	9.688721e-01	
1379	-1.879150e+00	9.671631e-01	
1380	-1.882812e+00	9.676514e-01	
1381	-1.875000e+00	9.654541e-01	
1382	-1.887451e+00	9.689941e-01	
1383	-1.878662e+00	9.660645e-01	
1384	-1.887695e+00	9.688721e-01	
1385	-1.879639e+00	9.671631e-01	
1386	-1.892334e+00	9.703369e-01	
1387	-1.876709e+00	9.663086e-01	
1388	-1.884766e+00	9.694824e-01	
1389	-1.870605e+00	9.648438e-01	
1390	-1.881348e+00	9.676514e-01	
1391	-1.882080e+00	9.676514e-01	
1392	-1.885254e+00	9.687500e-01	
1393	-1.892334e+00	9.707031e-01	
1394	-1.886719e+00	9.693604e-01	
1395	-1.880615e+00	9.669189e-01	
1396	-1.892822e+00	9.716797e-01	
1397	-1.886719e+00	9.691162e-01	
1398	-1.892090e+00	9.705811e-01	
1399	-1.874268e+00	9.658203e-01	
1400	-1.872314e+00	9.645996e-01	
1401	-1.889893e+00	9.698486e-01	
1402	-1.892334e+00	9.714355e-01	
1403	-1.884033e+00	9.672852e-01	
1404	-1.885010e+00	9.680176e-01	
1405	-1.885986e+00	9.688721e-01	
1406	-1.884521e+00	9.681396e-01	
1407	-1.884766e+00	9.686279e-01	
1408	-1.865967e+00	9.633789e-01	
1409	-1.875977e+00	9.665527e-01	
1410	-1.887939e+00	9.704590e-01	
1411	-1.886963e+00	9.697266e-01	
1412	-1.876221e+00	9.659424e-01	
1413	-1.881592e+00	9.674072e-01	
1414	-1.892578e+00	9.709473e-01	
1415	-1.889404e+00	9.705811e-01	
1416	-1.876221e+00	9.654541e-01	
1417	-1.874268e+00	9.656982e-01	
1418	-1.878418e+00	9.667969e-01	
1419	-1.898193e+00	9.721680e-01	
1420	-1.879639e+00	9.674072e-01	
1421	-1.898926e+00	9.724121e-01	
1422	-1.883301e+00	9.674072e-01	
1423	-1.888672e+00	9.699707e-01	
1424	-1.885254e+00	9.683838e-01	
1425	-1.880127e+00	9.672852e-01	
1426	-1.873047e+00	9.647217e-01	
1427	-1.882080e+00	9.681396e-01	
1428	-1.885010e+00	9.683838e-01	
1429	-1.895508e+00	9.714355e-01	
1430	-1.878662e+00	9.671631e-01	
1431	-1.885742e+00	9.687500e-01	
1432	-1.881348e+00	9.678955e-01	
1433	-1.875732e+00	9.659424e-01	
1434	-1.875977e+00	9.664307e-01	
1435	-1.878906e+00	9.680176e-01	
1436	-1.889648e+00	9.696045e-01	
1437	-1.902588e+00	9.739990e-01	
1438	-1.881104e+00	9.676514e-01	
1439	-1.873291e+00	9.656982e-01	
1440	-1.887451e+00	9.697266e-01	
1441	-1.883789e+00	9.688721e-01	
1442	-1.884277e+00	9.685059e-01	
1443	-1.892578e+00	9.707031e-01	
1444	-1.867432e+00	9.641113e-01	
1445	-1.869385e+00	9.643555e-01	
1446	-1.885254e+00	9.694824e-01	
1447	-1.886719e+00	9.694824e-01	
1448	-1.893066e+00	9.716797e-01	
1449	-1.884766e+00	9.689941e-01	
1450	-1.882080e+00	9.678955e-01	
1451	-1.898438e+00	9.733887e-01	
1452	-1.885986e+00	9.691162e-01	
1453	-1.886475e+00	9.699707e-01	
1454	-1.878906e+00	9.669189e-01	
1455	-1.888916e+00	9.697266e-01	
1456	-1.879639e+00	9.663086e-01	
1457	-1.885986e+00	9.689941e-01	
1458	-1.876953e+00	9.663086e-01	
1459	-1.897217e+00	9.726562e-01	
1460	-1.880859e+00	9.678955e-01	
1461	-1.892090e+00	9.714355e-01	
1462	-1.883545e+00	9.676514e-01	
1463	-1.893066e+00	9.714355e-01	
1464	-1.894775e+00	9.716797e-01	
1465	-1.878418e+00	9.666748e-01	
1466	-1.895752e+00	9.714355e-01	
1467	-1.887451e+00	9.693604e-01	
1468	-1.892578e+00	9.710693e-01	
1469	-1.882080e+00	9.681396e-01	
1470	-1.876221e+00	9.666748e-01	
1471	-1.878906e+00	9.661865e-01	
1472	-1.864258e+00	9.617920e-01	
1473	-1.882324e+00	9.680176e-01	
1474	-1.871826e+00	9.652100e-01	
1475	-1.877686e+00	9.665527e-01	
1476	-1.889404e+00	9.696045e-01	
1477	-1.884277e+00	9.680176e-01	
1478	-1.881836e+00	9.686279e-01	
1479	-1.889160e+00	9.698486e-01	
1480	-1.908691e+00	9.749756e-01	
1481	-1.887939e+00	9.703369e-01	
1482	-1.876953e+00	9.663086e-01	
1483	-1.889893e+00	9.703369e-01	
1484	-1.889160e+00	9.702148e-01	
1485	-1.886475e+00	9.686279e-01	
1486	-1.877197e+00	9.658203e-01	
1487	-1.876953e+00	9.655762e-01	
1488	-1.879639e+00	9.670410e-01	
1489	-1.887207e+00	9.696045e-01	
1490	-1.895996e+00	9.718018e-01	
1491	-1.882324e+00	9.677734e-01	
1492	-1.885010e+00	9.689941e-01	
1493	-1.881836e+00	9.678955e-01	
1494	-1.888184e+00	9.698486e-01	
1495	-1.906250e+00	9.749756e-01	
1496	-1.888184e+00	9.689941e-01	
1497	-1.886230e+00	9.688721e-01	
1498	-1.889648e+00	9.703369e-01	
1499	-1.886719e+00	9.692383e-01	
1500	-1.868164e+00	9.625244e-01	
1501	-1.871338e+00	9.654541e-01	
1502	-1.887451e+00	9.694824e-01	
1503	-1.878418e+00	9.659424e-01	
1504	-1.884766e+00	9.688721e-01	
1505	-1.884521e+00	9.683838e-01	
1506	-1.869629e+00	9.647217e-01	
1507	-1.873047e+00	9.663086e-01	
1508	-1.884033e+00	9.683838e-01	
1509	-1.874512e+00	9.652100e-01	
1510	-1.887695e+00	9.697266e-01	
1511	-1.873779e+00	9.645996e-01	
1512	-1.882812e+00	9.676514e-01	
1513	-1.887939e+00	9.696045e-01	
1514	-1.880127e+00	9.671631e-01	
1515	-1.880371e+00	9.676514e-01	
1516	-1.872314e+00	9.643555e-01	
1517	-1.880615e+00	9.674072e-01	
1518	-1.882568e+00	9.681396e-01	
1519	-1.897949e+00	9.713135e-01	
1520	-1.875977e+00	9.659424e-01	
1521	-1.875244e+00	9.655762e-01	
1522	-1.878662e+00	9.672852e-01	
1523	-1.866943e+00	9.632568e-01	
1524	-1.886719e+00	9.685059e-01	
1525	-1.884033e+00	9.681396e-01	
1526	-1.882080e+00	9.681396e-01	
1527	-1.880615e+00	9.672852e-01	
1528	-1.890625e+00	9.704590e-01	
1529	-1.885498e+00	9.681396e-01	
1530	-1.877686e+00	9.658203e-01	
1531	-1.872070e+00	9.650879e-01	
1532	-1.873291e+00	9.652100e-01	
1533	-1.886719e+00	9.687500e-01	
1534	-1.889160e+00	9.693604e-01	
1535	-1.880615e+00	9.671631e-01	
1536	-1.889404e+00	9.709473e-01	
1537	-1.884277e+00	9.688721e-01	
1538	-1.895996e+00	9.719238e-01	
1539	-1.881104e+00	9.672852e-01	
1540	-1.890869e+00	9.698486e-01	
1541	-1.883789e+00	9.688721e-01	
1542	-1.883301e+00	9.677734e-01	
1543	-1.892822e+00	9.709473e-01	
1544	-1.876953e+00	9.665527e-01	
1545	-1.878662e+00	9.677734e-01	
1546	-1.873535e+00	9.655762e-01	
1547	-1.882568e+00	9.681396e-01	
1548	-1.893311e+00	9.711914e-01	
1549	-1.883301e+00	9.681396e-01	
1550	-1.878906e+00	9.669189e-01	
1551	-1.863525e+00	9.625244e-01	
1552	-1.875732e+00	9.653320e-01	
1553	-1.891602e+00	9.707031e-01	
1554	-1.880371e+00	9.663086e-01	
1555	-1.886963e+00	9.692383e-01	
1556	-1.897949e+00	9.727783e-01	
1557	-1.883301e+00	9.683838e-01	
1558	-1.881836e+00	9.677734e-01	
1559	-1.893555e+00	9.711914e-01	
1560	-1.890381e+00	9.697266e-01	
1561	-1.884766e+00	9.686279e-01	
1562	-1.880371e+00	9.669189e-01	
1563	-1.893555e+00	9.711914e-01	
1564	-1.882080e+00	9.674072e-01	
1565	-1.881592e+00	9.667969e-01	
1566	-1.873535e+00	9.649658e-01	
1567	-1.889160e+00	9.692383e-01	
1568	-1.877197e+00	9.669189e-01	
1569	-1.886963e+00	9.687500e-01	
1570	-1.891357e+00	9.707031e-01	
1571	-1.871094e+00	9.641113e-01	
1572	-1.875977e+00	9.661865e-01	
1573	-1.895752e+00	9.715576e-01	
1574	-1.877930e+00	9.660645e-01	
1575	-1.880127e+00	9.671631e-01	
1576	-1.884521e+00	9.691162e-01	
1577	-1.880371e+00	9.677734e-01	
1578	-1.871826e+00	9.647217e-01	
1579	-1.873535e+00	9.656982e-01	
1580	-1.880615e+00	9.667969e-01	
1581	-1.890625e+00	9.705811e-01	
1582	-1.875488e+00	9.661865e-01	
1583	-1.875977e+00	9.658203e-01	
1584	-1.888184e+00	9.696045e-01	
1585	-1.880127e+00	9.675293e-01	
1586	-1.881592e+00	9.678955e-01	
1587	-1.887207e+00	9.699707e-01	
1588	-1.882568e+00	9.665527e-01	
1589	-1.891113e+00	9.702148e-01	
1590	-1.889893e+00	9.705811e-01	
1591	-1.893799e+00	9.708252e-01	
1592	-1.880371e+00	9.676514e-01	
1593	-1.883301e+00	9.677734e-01	
1594	-1.872559e+00	9.645996e-01	
1595	-1.891846e+00	9.705811e-01	
1596	-1.894531e+00	9.720459e-01	
1597	-1.898193e+00	9.730225e-01	
1598	-1.896240e+00	9.715576e-01	
1599	-1.890869e+00	9.704590e-01	
1600	-1.888672e+00	9.697266e-01	
1601	-1.876465e+00	9.666748e-01	
1602	-1.893555e+00	9.715576e-01	
1603	-1.882812e+00	9.680176e-01	
1604	-1.895020e+00	9.713135e-01	
1605	-1.895508e+00	9.713135e-01	
1606	-1.876709e+00	9.664307e-01	
1607	-1.891602e+00	9.699707e-01	
1608	-1.892578e+00	9.714355e-01	
1609	-1.868408e+00	9.645996e-01	
1610	-1.880371e+00	9.675293e-01	
1611	-1.877930e+00	9.666748e-01	
1612	-1.869141e+00	9.647217e-01	
1613	-1.883789e+00	9.687500e-01	
1614	-1.878662e+00	9.670410e-01	
1615	-1.888672e+00	9.699707e-01	
1616	-1.896729e+00	9.722900e-01	
1617	-1.903809e+00	9.742432e-01	
1618	-1.893066e+00	9.708252e-01	
1619	-1.863525e+00	9.624023e-01	
1620	-1.893799e+00	9.705811e-01	
1621	-1.883789e+00	9.676514e-01	
1622	-1.885742e+00	9.692383e-01	
1623	-1.886475e+00	9.689941e-01	
1624	-1.881104e+00	9.677734e-01	
1625	-1.883301e+00	9.682617e-01	
1626	-1.864014e+00	9.627686e-01	
1627	-1.881836e+00	9.676514e-01	
1628	-1.880615e+00	9.676514e-01	
1629	-1.875488e+00	9.654541e-01	
1630	-1.888672e+00	9.693604e-01	
1631	-1.875732e+00	9.664307e-01	
1632	-1.883545e+00	9.687500e-01	
1633	-1.881836e+00	9.674072e-01	
1634	-1.887451e+00	9.696045e-01	
1635	-1.880127e+00	9.663086e-01	
1636	-1.868164e+00	9.637451e-01	
1637	-1.874023e+00	9.648438e-01	
1638	-1.881104e+00	9.676514e-01	
1639	-1.879883e+00	9.675293e-01	
1640	-1.884277e+00	9.688721e-01	
1641	-1.886963e+00	9.698486e-01	
1642	-1.884521e+00	9.683838e-01	
1643	-1.890381e+00	9.697266e-01	
1644	-1.885010e+00	9.685059e-01	
1645	-1.894775e+00	9.713135e-01	
1646	-1.882324e+00	9.677734e-01	
1647	-1.876953e+00	9.660645e-01	
1648	-1.874512e+00	9.648438e-01	
1649	-1.895264e+00	9.719238e-01	
1650	-1.887207e+00	9.688721e-01	
1651	-1.896484e+00	9.716797e-01	
1652	-1.884521e+00	9.680176e-01	
1653	-1.884521e+00	9.681396e-01	
1654	-1.893555e+00	9.705811e-01	
1655	-1.893555e+00	9.705811e-01	
1656	-1.894531e+00	9.714355e-01	
1657	-1.893799e+00	9.708252e-01	
1658	-1.886719e+00	9.687500e-01	
1659	-1.869385e+00	9.643555e-01	
1660	-1.878418e+00	9.671631e-01	
1661	-1.874268e+00	9.656982e-01	
1662	-1.869629e+00	9.643555e-01	
1663	-1.866943e+00	9.638672e-01	
1664	-1.883789e+00	9.682617e-01	
1665	-1.881836e+00	9.677734e-01	
1666	-1.891113e+00	9.708252e-01	
1667	-1.890137e+00	9.702148e-01	
1668	-1.884033e+00	9.686279e-01	
1669	-1.894775e+00	9.702148e-01	
1670	-1.894043e+00	9.716797e-01	
1671	-1.870117e+00	9.644775e-01	
1672	-1.872070e+00	9.653320e-01	
1673	-1.880615e+00	9.678955e-01	
1674	-1.884277e+00	9.681396e-01	
1675	-1.890137e+00	9.699707e-01	
1676	-1.880371e+00	9.675293e-01	
1677	-1.879395e+00	9.669189e-01	
1678	-1.886475e+00	9.688721e-01	
1679	-1.874268e+00	9.650879e-01	
1680	-1.876221e+00	9.665527e-01	
1681	-1.887939e+00	9.703369e-01	
1682	-1.889893e+00	9.696045e-01	
1683	-1.901855e+00	9.726562e-01	
1684	-1.884766e+00	9.682617e-01	
1685	-1.890869e+00	9.705811e-01	
1686	-1.885498e+00	9.692383e-01	
1687	-1.877686e+00	9.670410e-01	
1688	-1.879395e+00	9.670410e-01	
1689	-1.889160e+00	9.703369e-01	
1690	-1.875488e+00	9.655762e-01	
1691	-1.884521e+00	9.681396e-01	
1692	-1.882812e+00	9.676514e-01	
1693	-1.874756e+00	9.653320e-01	
1694	-1.873291e+00	9.656982e-01	
1695	-1.888184e+00	9.697266e-01	
1696	-1.884521e+00	9.682617e-01	
1697	-1.886230e+00	9.682617e-01	
1698	-1.889160e+00	9.705811e-01	
1699	-1.884033e+00	9.686279e-01	
1700	-1.873047e+00	9.649658e-01	
1701	-1.881836e+00	9.681396e-01	
1702	-1.892578e+00	9.708252e-01	
1703	-1.892578e+00	9.710693e-01	
1704	-1.893066e+00	9.705811e-01	
1705	-1.881592e+00	9.676514e-01	
1706	-1.891846e+00	9.709473e-01	
1707	-1.893799e+00	9.702148e-01	
1708	-1.877686e+00	9.661865e-01	
1709	-1.883789e+00	9.681396e-01	
1710	-1.881592e+00	9.675293e-01	
1711	-1.873779e+00	9.655762e-01	
1712	-1.898193e+00	9.726562e-01	
1713	-1.870605e+00	9.643555e-01	
1714	-1.877930e+00	9.674072e-01	
1715	-1.877441e+00	9.665527e-01	
1716	-1.878418e+00	9.670410e-01	
1717	-1.877686e+00	9.671631e-01	
1718	-1.898193e+00	9.726562e-01	
1719	-1.881104e+00	9.680176e-01	
1720	-1.877197e+00	9.660645e-01	
1721	-1.876953e+00	9.658203e-01	
1722	-1.878174e+00	9.667969e-01	
1723	-1.885498e+00	9.682617e-01	
1724	-1.878418e+00	9.666748e-01	
1725	-1.886230e+00	9.688721e-01	
1726	-1.884277e+00	9.689941e-01	
1727	-1.885254e+00	9.692383e-01	
1728	-1.877197e+00	9.660645e-01	
1729	-1.892822e+00	9.710693e-01	
1730	-1.887207e+00	9.693604e-01	
1731	-1.885742e+00	9.689941e-01	
1732	-1.877686e+00	9.663086e-01	
1733	-1.894043e+00	9.710693e-01	
1734	-1.873291e+00	9.652100e-01	
1735	-1.886719e+00	9.689941e-01	
1736	-1.875732e+00	9.663086e-01	
1737	-1.887207e+00	9.691162e-01	
1738	-1.885986e+00	9.685059e-01	
1739	-1.884277e+00	9.678955e-01	
1740	-1.881104e+00	9.686279e-01	
1741	-1.882080e+00	9.676514e-01	
1742	-1.891113e+00	9.707031e-01	
1743	-1.894775e+00	9.720459e-01	
1744	-1.894531e+00	9.716797e-01	
1745	-1.890137e+00	9.704590e-01	
1746	-1.878906e+00	9.671631e-01	
1747	-1.888672e+00	9.693604e-01	
1748	-1.875977e+00	9.663086e-01	
1749	-1.877197e+00	9.658203e-01	
1750	-1.889893e+00	9.704590e-01	
1751	-1.881836e+00	9.678955e-01	
1752	-1.882080e+00	9.678955e-01	
1753	-1.896729e+00	9.724121e-01	
1754	-1.892578e+00	9.713135e-01	
1755	-1.884766e+00	9.687500e-01	
1756	-1.876709e+00	9.669189e-01	
1757	-1.903076e+00	9.733887e-01	
1758	-1.876221e+00	9.666748e-01	
1759	-1.870605e+00	9.653320e-01	
1760	-1.866943e+00	9.638672e-01	
1761	-1.885254e+00	9.683838e-01	
1762	-1.875244e+00	9.655762e-01	
1763	-1.880371e+00	9.678955e-01	
1764	-1.875977e+00	9.658203e-01	
1765	-1.870850e+00	9.639893e-01	
1766	-1.884277e+00	9.689941e-01	
1767	-1.886475e+00	9.692383e-01	
1768	-1.889160e+00	9.696045e-01	
1769	-1.882812e+00	9.675293e-01	
1770	-1.885498e+00	9.691162e-01	
1771	-1.894775e+00	9.713135e-01	
1772	-1.894287e+00	9.713135e-01	
1773	-1.887207e+00	9.693604e-01	
1774	-1.895508e+00	9.711914e-01	
1775	-1.886230e+00	9.694824e-01	
1776	-1.901367e+00	9.736328e-01	
1777	-1.885010e+00	9.686279e-01	
1778	-1.883301e+00	9.678955e-01	
1779	-1.890625e+00	9.697266e-01	
1780	-1.891846e+00	9.700928e-01	
1781	-1.867676e+00	9.639893e-01	
1782	-1.877197e+00	9.664307e-01	
1783	-1.884033e+00	9.674072e-01	
1784	-1.882080e+00	9.681396e-01	
1785	-1.876465e+00	9.665527e-01	
1786	-1.887207e+00	9.697266e-01	
1787	-1.884277e+00	9.688721e-01	
1788	-1.885498e+00	9.688721e-01	
1789	-1.884033e+00	9.678955e-01	
1790	-1.875000e+00	9.660645e-01	
1791	-1.876953e+00	9.661865e-01	
1792	-1.880127e+00	9.671631e-01	
1793	-1.882568e+00	9.677734e-01	
1794	-1.885498e+00	9.682617e-01	
1795	-1.869873e+00	9.647217e-01	
1796	-1.895264e+00	9.715576e-01	
1797	-1.892822e+00	9.705811e-01	
1798	-1.885986e+00	9.698486e-01	
1799	-1.877930e+00	9.672852e-01	
1800	-1.881104e+00	9.680176e-01	
1801	-1.881592e+00	9.670410e-01	
1802	-1.884033e+00	9.678955e-01	
1803	-1.889404e+00	9.699707e-01	
1804	-1.875244e+00	9.659424e-01	
1805	-1.881104e+00	9.667969e-01	
1806	-1.888916e+00	9.702148e-01	
1807	-1.882812e+00	9.681396e-01	
1808	-1.886963e+00	9.689941e-01	
1809	-1.888672e+00	9.693604e-01	
1810	-1.870361e+00	9.654541e-01	
1811	-1.867188e+00	9.635010e-01	
1812	-1.863525e+00	9.624023e-01	
1813	-1.880859e+00	9.671631e-01	
1814	-1.898682e+00	9.729004e-01	
1815	-1.886475e+00	9.694824e-01	
1816	-1.877686e+00	9.664307e-01	
1817	-1.881104e+00	9.677734e-01	
1818	-1.896240e+00	9.719238e-01	
1819	-1.881104e+00	9.685059e-01	
1820	-1.895264e+00	9.725342e-01	
1821	-1.888916e+00	9.698486e-01	
1822	-1.876465e+00	9.663086e-01	
1823	-1.893799e+00	9.714355e-01	
1824	-1.879883e+00	9.674072e-01	
1825	-1.888184e+00	9.692383e-01	
1826	-1.877686e+00	9.671631e-01	
1827	-1.873047e+00	9.645996e-01	
1828	-1.895752e+00	9.722900e-01	
1829	-1.882324e+00	9.682617e-01	
1830	-1.887207e+00	9.689941e-01	
1831	-1.881592e+00	9.675293e-01	
1832	-1.885742e+00	9.696045e-01	
1833	-1.870361e+00	9.636230e-01	
1834	-1.889893e+00	9.699707e-01	
1835	-1.891602e+00	9.699707e-01	
1836	-1.882080e+00	9.674072e-01	
1837	-1.878906e+00	9.669189e-01	
1838	-1.873535e+00	9.652100e-01	
1839	-1.886963e+00	9.686279e-01	
1840	-1.893555e+00	9.703369e-01	
1841	-1.885742e+00	9.688721e-01	
1842	-1.886475e+00	9.691162e-01	
1843	-1.885498e+00	9.691162e-01	
1844	-1.877441e+00	9.666748e-01	
1845	-1.884521e+00	9.681396e-01	
1846	-1.873779e+00	9.660645e-01	
1847	-1.891602e+00	9.707031e-01	
1848	-1.885010e+00	9.682617e-01	
1849	-1.893555e+00	9.707031e-01	
1850	-1.874756e+00	9.664307e-01	
1851	-1.869873e+00	9.647217e-01	
1852	-1.876709e+00	9.669189e-01	
1853	-1.885986e+00	9.688721e-01	
1854	-1.886719e+00	9.691162e-01	
1855	-1.888428e+00	9.702148e-01	
1856	-1.883301e+00	9.677734e-01	
1857	-1.868164e+00	9.633789e-01	
1858	-1.883301e+00	9.671631e-01	
1859	-1.877197e+00	9.658203e-01	
1860	-1.876953e+00	9.666748e-01	
1861	-1.890869e+00	9.700928e-01	
1862	-1.890625e+00	9.703369e-01	
1863	-1.890869e+00	9.698486e-01	
1864	-1.892090e+00	9.709473e-01	
1865	-1.873535e+00	9.654541e-01	
1866	-1.879639e+00	9.659424e-01	
1867	-1.885498e+00	9.692383e-01	
1868	-1.883789e+00	9.687500e-01	
1869	-1.886230e+00	9.692383e-01	
1870	-1.886475e+00	9.688721e-01	
1871	-1.886963e+00	9.689941e-01	
1872	-1.895752e+00	9.713135e-01	
1873	-1.888428e+00	9.692383e-01	
1874	-1.885742e+00	9.686279e-01	
1875	-1.891846e+00	9.714355e-01	
1876	-1.885010e+00	9.683838e-01	
1877	-1.892090e+00	9.716797e-01	
1878	-1.880127e+00	9.680176e-01	
1879	-1.871826e+00	9.655762e-01	
1880	-1.891602e+00	9.707031e-01	
1881	-1.881836e+00	9.676514e-01	
1882	-1.873291e+00	9.660645e-01	
1883	-1.895020e+00	9.714355e-01	
1884	-1.893555e+00	9.707031e-01	
1885	-1.871582e+00	9.643555e-01	
1886	-1.881348e+00	9.671631e-01	
1887	-1.876709e+00	9.658203e-01	
1888	-1.879883e+00	9.666748e-01	
1889	-1.884766e+00	9.683838e-01	
1890	-1.880859e+00	9.675293e-01	
1891	-1.879639e+00	9.672852e-01	
1892	-1.870850e+00	9.642334e-01	
1893	-1.877686e+00	9.664307e-01	
1894	-1.870605e+00	9.642334e-01	
1895	-1.881104e+00	9.676514e-01	
1896	-1.879883e+00	9.680176e-01	
1897	-1.896973e+00	9.727783e-01	
1898	-1.891846e+00	9.705811e-01	
1899	-1.883301e+00	9.677734e-01	
1900	-1.866699e+00	9.632568e-01	
1901	-1.876221e+00	9.656982e-01	
1902	-1.882324e+00	9.685059e-01	
1903	-1.876221e+00	9.659424e-01	
1904	-1.890869e+00	9.707031e-01	
1905	-1.889160e+00	9.697266e-01	
1906	-1.886475e+00	9.692383e-01	
1907	-1.888428e+00	9.698486e-01	
1908	-1.884521e+00	9.681396e-01	
1909	-1.900146e+00	9.726562e-01	
1910	-1.872070e+00	9.659424e-01	
1911	-1.879883e+00	9.677734e-01	
1912	-1.887939e+00	9.697266e-01	
1913	-1.885010e+00	9.687500e-01	
1914	-1.890381e+00	9.705811e-01	
1915	-1.882324e+00	9.685059e-01	
1916	-1.865723e+00	9.630127e-01	
1917	-1.865967e+00	9.624023e-01	
1918	-1.880127e+00	9.671631e-01	
1919	-1.875977e+00	9.666748e-01	
1920	-1.885254e+00	9.693604e-01	
1921	-1.873047e+00	9.654541e-01	
1922	-1.872803e+00	9.639893e-01	
1923	-1.887207e+00	9.688721e-01	
1924	-1.896484e+00	9.716797e-01	
1925	-1.893066e+00	9.709473e-01	
1926	-1.888916e+00	9.694824e-01	
1927	-1.880127e+00	9.669189e-01	
1928	-1.892090e+00	9.705811e-01	
1929	-1.891357e+00	9.708252e-01	
1930	-1.884033e+00	9.691162e-01	
1931	-1.893311e+00	9.718018e-01	
1932	-1.883545e+00	9.682617e-01	
1933	-1.864990e+00	9.635010e-01	
1934	-1.882080e+00	9.682617e-01	
1935	-1.882080e+00	9.677734e-01	
1936	-1.891357e+00	9.700928e-01	
1937	-1.889648e+00	9.700928e-01	
1938	-1.887939e+00	9.702148e-01	
1939	-1.890869e+00	9.708252e-01	
1940	-1.879639e+00	9.670410e-01	
1941	-1.874756e+00	9.663086e-01	
1942	-1.883545e+00	9.675293e-01	
1943	-1.883057e+00	9.681396e-01	
1944	-1.880371e+00	9.681396e-01	
1945	-1.882080e+00	9.683838e-01	
1946	-1.871338e+00	9.653320e-01	
1947	-1.879150e+00	9.675293e-01	
1948	-1.871582e+00	9.636230e-01	
1949	-1.886475e+00	9.685059e-01	
1950	-1.891357e+00	9.709473e-01	
1951	-1.898682e+00	9.724121e-01	
1952	-1.891357e+00	9.699707e-01	
1953	-1.877441e+00	9.669189e-01	
1954	-1.882568e+00	9.680176e-01	
1955	-1.878662e+00	9.670410e-01	
1956	-1.882812e+00	9.678955e-01	
1957	-1.878174e+00	9.670410e-01	
1958	-1.877930e+00	9.671631e-01	
1959	-1.897217e+00	9.720459e-01	
1960	-1.886719e+00	9.697266e-01	
1961	-1.892090e+00	9.710693e-01	
1962	-1.890381e+00	9.702148e-01	
1963	-1.896240e+00	9.713135e-01	
1964	-1.886719e+00	9.688721e-01	
1965	-1.879150e+00	9.670410e-01	
1966	-1.885742e+00	9.692383e-01	
1967	-1.875977e+00	9.654541e-01	
1968	-1.866211e+00	9.626465e-01	
1969	-1.880371e+00	9.677734e-01	
1970	-1.885254e+00	9.686279e-01	
1971	-1.883301e+00	9.682617e-01	
1972	-1.872314e+00	9.638672e-01	
1973	-1.889893e+00	9.698486e-01	
1974	-1.884277e+00	9.683838e-01	
1975	-1.878662e+00	9.669189e-01	
1976	-1.872314e+00	9.658203e-01	
1977	-1.879883e+00	9.671631e-01	
1978	-1.885986e+00	9.682617e-01	
1979	-1.884033e+00	9.681396e-01	
1980	-1.884766e+00	9.678955e-01	
1981	-1.893311e+00	9.707031e-01	
1982	-1.893311e+00	9.710693e-01	
1983	-1.880615e+00	9.676514e-01	
1984	-1.896973e+00	9.716797e-01	
1985	-1.892334e+00	9.711914e-01	
1986	-1.882324e+00	9.678955e-01	
1987	-1.893555e+00	9.705811e-01	
1988	-1.888428e+00	9.681396e-01	
1989	-1.879639e+00	9.675293e-01	
1990	-1.895508e+00	9.715576e-01	
1991	-1.878174e+00	9.661865e-01	
1992	-1.874512e+00	9.650879e-01	
1993	-1.870850e+00	9.647217e-01	
1994	-1.868896e+00	9.643555e-01	
1995	-1.880859e+00	9.683838e-01	
1996	-1.884033e+00	9.686279e-01	
1997	-1.882324e+00	9.675293e-01	
1998	-1.889404e+00	9.692383e-01	
1999	-1.877197e+00	9.663086e-01	
2000	-1.885254e+00	9.686279e-01	
2001	-1.890869e+00	9.708252e-01	
2002	-1.875977e+00	9.654541e-01	
2003	-1.880371e+00	9.672852e-01	
2004	-1.881104e+00	9.681396e-01	
2005	-1.881836e+00	9.674072e-01	
2006	-1.891846e+00	9.700928e-01	
2007	-1.891846e+00	9.710693e-01	
2008	-1.878174e+00	9.671631e-01	
2009	-1.875000e+00	9.660645e-01	
2010	-1.893311e+00	9.710693e-01	
2011	-1.880859e+00	9.681396e-01	
2012	-1.892578e+00	9.707031e-01	
2013	-1.871338e+00	9.647217e-01	
2014	-1.882080e+00	9.683838e-01	
2015	-1.882812e+00	9.672852e-01	
2016	-1.881104e+00	9.680176e-01	
2017	-1.887939e+00	9.696045e-01	
2018	-1.886475e+00	9.693604e-01	
2019	-1.885010e+00	9.677734e-01	
2020	-1.878662e+00	9.669189e-01	
2021	-1.884277e+00	9.676514e-01	
2022	-1.876221e+00	9.664307e-01	
2023	-1.883545e+00	9.681396e-01	
2024	-1.881836e+00	9.676514e-01	
2025	-1.891113e+00	9.704590e-01	
2026	-1.873779e+00	9.658203e-01	
2027	-1.873047e+00	9.653320e-01	
2028	-1.882812e+00	9.671631e-01	
2029	-1.881592e+00	9.670410e-01	
2030	-1.878662e+00	9.666748e-01	
2031	-1.887451e+00	9.692383e-01	
2032	-1.886719e+00	9.692383e-01	
2033	-1.883057e+00	9.674072e-01	
2034	-1.891357e+00	9.707031e-01	
2035	-1.888428e+00	9.698486e-01	
2036	-1.878662e+00	9.665527e-01	
2037	-1.884766e+00	9.675293e-01	
2038	-1.885010e+00	9.686279e-01	
2039	-1.882324e+00	9.681396e-01	
2040	-1.878662e+00	9.664307e-01	
2041	-1.886230e+00	9.694824e-01	
2042	-1.889160e+00	9.704590e-01	
2043	-1.883057e+00	9.686279e-01	
2044	-1.890137e+00	9.702148e-01	
2045	-1.886719e+00	9.689941e-01	
2046	-1.884766e+00	9.691162e-01	
2047	-1.896973e+00	9.730225e-01	
2048	-1.876465e+00	9.663086e-01	
2049	-1.893799e+00	9.707031e-01	
2050	-1.888184e+00	9.697266e-01	
2051	-1.881104e+00	9.680176e-01	
2052	-1.870361e+00	9.650879e-01	
2053	-1.885254e+00	9.692383e-01	
2054	-1.870361e+00	9.648438e-01	
2055	-1.871826e+00	9.653320e-01	
2056	-1.878906e+00	9.674072e-01	
2057	-1.871826e+00	9.658203e-01	
2058	-1.886475e+00	9.688721e-01	
2059	-1.867920e+00	9.645996e-01	
2060	-1.872559e+00	9.653320e-01	
2061	-1.870850e+00	9.644775e-01	
2062	-1.886719e+00	9.694824e-01	
2063	-1.883789e+00	9.685059e-01	
2064	-1.888916e+00	9.700928e-01	
2065	-1.885742e+00	9.687500e-01	
2066	-1.876221e+00	9.660645e-01	
2067	-1.875488e+00	9.660645e-01	
2068	-1.884033e+00	9.689941e-01	
2069	-1.878906e+00	9.667969e-01	
2070	-1.892822e+00	9.709473e-01	
2071	-1.886230e+00	9.692383e-01	
2072	-1.881836e+00	9.677734e-01	
2073	-1.875732e+00	9.652100e-01	
2074	-1.887451e+00	9.698486e-01	
2075	-1.889160e+00	9.698486e-01	
2076	-1.875244e+00	9.659424e-01	
2077	-1.892090e+00	9.705811e-01	
2078	-1.876465e+00	9.663086e-01	
2079	-1.885254e+00	9.691162e-01	
2080	-1.892822e+00	9.707031e-01	
2081	-1.890381e+00	9.708252e-01	
2082	-1.879883e+00	9.671631e-01	
2083	-1.884277e+00	9.686279e-01	
2084	-1.893555e+00	9.711914e-01	
2085	-1.887695e+00	9.685059e-01	
2086	-1.864258e+00	9.619141e-01	
2087	-1.878906e+00	9.666748e-01	
2088	-1.881836e+00	9.670410e-01	
2089	-1.872070e+00	9.652100e-01	
2090	-1.879639e+00	9.674072e-01	
2091	-1.889160e+00	9.705811e-01	
2092	-1.876953e+00	9.659424e-01	
2093	-1.883057e+00	9.681396e-01	
2094	-1.875732e+00	9.661865e-01	
2095	-1.884766e+00	9.692383e-01	
2096	-1.878662e+00	9.661865e-01	
2097	-1.880371e+00	9.663086e-01	
2098	-1.895752e+00	9.718018e-01	
2099	-1.882324e+00	9.681396e-01	
2100	-1.876709e+00	9.665527e-01	
2101	-1.871826e+00	9.648438e-01	
2102	-1.882080e+00	9.683838e-01	
2103	-1.889404e+00	9.698486e-01	
2104	-1.890137e+00	9.707031e-01	
2105	-1.884277e+00	9.686279e-01	
2106	-1.890137e+00	9.700928e-01	
2107	-1.888428e+00	9.700928e-01	
2108	-1.885498e+00	9.694824e-01	
2109	-1.886230e+00	9.693604e-01	
2110	-1.888916e+00	9.700928e-01	
2111	-1.873535e+00	9.645996e-01	
2112	-1.891846e+00	9.705811e-01	
2113	-1.898193e+00	9.727783e-01	
2114	-1.874512e+00	9.649658e-01	
2115	-1.882324e+00	9.674072e-01	
2116	-1.886963e+00	9.686279e-01	
2117	-1.882324e+00	9.678955e-01	
2118	-1.893311e+00	9.707031e-01	
2119	-1.887207e+00	9.697266e-01	
2120	-1.880371e+00	9.675293e-01	
2121	-1.888184e+00	9.699707e-01	
2122	-1.881592e+00	9.686279e-01	
2123	-1.873047e+00	9.655762e-01	
2124	-1.875000e+00	9.660645e-01	
2125	-1.888672e+00	9.699707e-01	
2126	-1.863525e+00	9.622803e-01	
2127	-1.874756e+00	9.658203e-01	
2128	-1.886230e+00	9.692383e-01	
2129	-1.883057e+00	9.677734e-01	
2130	-1.868408e+00	9.638672e-01	
2131	-1.896484e+00	9.715576e-01	
2132	-1.882568e+00	9.683838e-01	
2133	-1.877197e+00	9.666748e-01	
2134	-1.891113e+00	9.708252e-01	
2135	-1.887695e+00	9.693604e-01	
2136	-1.873291e+00	9.653320e-01	
2137	-1.877197e+00	9.669189e-01	
2138	-1.877686e+00	9.665527e-01	
2139	-1.887451e+00	9.694824e-01	
2140	-1.879150e+00	9.676514e-01	
2141	-1.891846e+00	9.713135e-01	
2142	-1.874023e+00	9.649658e-01	
2143	-1.868652e+00	9.642334e-01	
2144	-1.892822e+00	9.711914e-01	
2145	-1.876709e+00	9.654541e-01	
2146	-1.867188e+00	9.631348e-01	
2147	-1.871582e+00	9.647217e-01	
2148	-1.887939e+00	9.691162e-01	
2149	-1.891602e+00	9.708252e-01	
2150	-1.882812e+00	9.683838e-01	
2151	-1.870117e+00	9.636230e-01	
2152	-1.882080e+00	9.677734e-01	
2153	-1.884521e+00	9.689941e-01	
2154	-1.875000e+00	9.664307e-01	
2155	-1.872803e+00	9.653320e-01	
2156	-1.874268e+00	9.654541e-01	
2157	-1.870850e+00	9.639893e-01	
2158	-1.875000e+00	9.658203e-01	
2159	-1.876953e+00	9.654541e-01	
2160	-1.885010e+00	9.681396e-01	
2161	-1.888428e+00	9.692383e-01	
2162	-1.887939e+00	9.689941e-01	
2163	-1.889404e+00	9.697266e-01	
2164	-1.880371e+00	9.675293e-01	
2165	-1.884766e+00	9.686279e-01	
2166	-1.874023e+00	9.642334e-01	
2167	-1.868652e+00	9.635010e-01	
2168	-1.880615e+00	9.670410e-01	
2169	-1.879883e+00	9.674072e-01	
2170	-1.877930e+00	9.670410e-01	
2171	-1.892578e+00	9.714355e-01	
2172	-1.886475e+00	9.682617e-01	
2173	-1.866211e+00	9.630127e-01	
2174	-1.863525e+00	9.635010e-01	
2175	-1.884033e+00	9.685059e-01	
2176	-1.886475e+00	9.693604e-01	
2177	-1.873779e+00	9.649658e-01	
2178	-1.884766e+00	9.682617e-01	
2179	-1.869385e+00	9.633789e-01	
2180	-1.867920e+00	9.632568e-01	
2181	-1.894531e+00	9.707031e-01	
2182	-1.886230e+00	9.689941e-01	
2183	-1.864502e+00	9.632568e-01	
2184	-1.874756e+00	9.664307e-01	
2185	-1.878418e+00	9.663086e-01	
2186	-1.866455e+00	9.637451e-01	
2187	-1.886719e+00	9.696045e-01	
2188	-1.877930e+00	9.676514e-01	
2189	-1.888916e+00	9.702148e-01	
2190	-1.895996e+00	9.725342e-01	
2191	-1.898193e+00	9.714355e-01	
2192	-1.892822e+00	9.709473e-01	
2193	-1.875244e+00	9.667969e-01	
2194	-1.892822e+00	9.711914e-01	
2195	-1.892578e+00	9.705811e-01	
2196	-1.895264e+00	9.720459e-01	
2197	-1.890137e+00	9.702148e-01	
2198	-1.888672e+00	9.697266e-01	
2199	-1.896729e+00	9.725342e-01	
2200	-1.889648e+00	9.700928e-01	
2201	-1.895752e+00	9.719238e-01	
2202	-1.880371e+00	9.667969e-01	
2203	-1.886719e+00	9.680176e-01	
2204	-1.887939e+00	9.699707e-01	
2205	-1.891602e+00	9.704590e-01	
2206	-1.884033e+00	9.691162e-01	
2207	-1.895508e+00	9.710693e-01	
2208	-1.884277e+00	9.680176e-01	
2209	-1.888184e+00	9.693604e-01	
2210	-1.887207e+00	9.691162e-01	
2211	-1.882080e+00	9.683838e-01	
2212	-1.880615e+00	9.674072e-01	
2213	-1.876221e+00	9.659424e-01	
2214	-1.883545e+00	9.677734e-01	
2215	-1.891357e+00	9.707031e-01	
2216	-1.885254e+00	9.689941e-01	
2217	-1.881592e+00	9.677734e-01	
2218	-1.874512e+00	9.660645e-01	
2219	-1.889404e+00	9.704590e-01	
2220	-1.891113e+00	9.707031e-01	
2221	-1.880615e+00	9.677734e-01	
2222	-1.863770e+00	9.624023e-01	
2223	-1.875000e+00	9.656982e-01	
2224	-1.889648e+00	9.696045e-01	
2225	-1.874023e+00	9.654541e-01	
2226	-1.886475e+00	9.691162e-01	
2227	-1.875977e+00	9.661865e-01	
2228	-1.870361e+00	9.648438e-01	
2229	-1.874268e+00	9.656982e-01	
2230	-1.868408e+00	9.632568e-01	
2231	-1.876465e+00	9.654541e-01	
2232	-1.879395e+00	9.669189e-01	
2233	-1.883789e+00	9.685059e-01	
2234	-1.875244e+00	9.658203e-01	
2235	-1.875977e+00	9.652100e-01	
2236	-1.874268e+00	9.654541e-01	
2237	-1.869141e+00	9.647217e-01	
2238	-1.885010e+00	9.691162e-01	
2239	-1.884033e+00	9.681396e-01	
2240	-1.886719e+00	9.691162e-01	
2241	-1.882568e+00	9.675293e-01	
2242	-1.872314e+00	9.647217e-01	
2243	-1.879395e+00	9.670410e-01	
2244	-1.881104e+00	9.672852e-01	
2245	-1.872314e+00	9.642334e-01	
2246	-1.884521e+00	9.685059e-01	
2247	-1.884033e+00	9.683838e-01	
2248	-1.879639e+00	9.667969e-01	
2249	-1.872803e+00	9.645996e-01	
2250	-1.885986e+00	9.698486e-01	
2251	-1.882080e+00	9.682617e-01	
2252	-1.886963e+00	9.692383e-01	
2253	-1.872070e+00	9.650879e-01	
2254	-1.881592e+00	9.681396e-01	
2255	-1.899902e+00	9.724121e-01	
2256	-1.887939e+00	9.691162e-01	
2257	-1.884277e+00	9.686279e-01	
2258	-1.886475e+00	9.688721e-01	
2259	-1.885254e+00	9.688721e-01	
2260	-1.894531e+00	9.711914e-01	
2261	-1.884277e+00	9.686279e-01	
2262	-1.885010e+00	9.683838e-01	
2263	-1.884766e+00	9.689941e-01	
2264	-1.881836e+00	9.665527e-01	
2265	-1.872070e+00	9.655762e-01	
2266	-1.881348e+00	9.677734e-01	
2267	-1.892090e+00	9.705811e-01	
2268	-1.869873e+00	9.641113e-01	
2269	-1.883301e+00	9.675293e-01	
2270	-1.874268e+00	9.655762e-01	
2271	-1.885498e+00	9.682617e-01	
2272	-1.881592e+00	9.674072e-01	
2273	-1.888672e+00	9.693604e-01	
2274	-1.874023e+00	9.656982e-01	
2275	-1.890625e+00	9.703369e-01	
2276	-1.892090e+00	9.707031e-01	
2277	-1.897217e+00	9.724121e-01	
2278	-1.884277e+00	9.678955e-01	
2279	-1.887207e+00	9.687500e-01	
2280	-1.879883e+00	9.666748e-01	
2281	-1.880859e+00	9.672852e-01	
2282	-1.873047e+00	9.652100e-01	
2283	-1.861084e+00	9.617920e-01	
2284	-1.887939e+00	9.694824e-01	
2285	-1.892822e+00	9.711914e-01	
2286	-1.888428e+00	9.691162e-01	
2287	-1.880615e+00	9.674072e-01	
2288	-1.873291e+00	9.661865e-01	
2289	-1.887939e+00	9.692383e-01	
2290	-1.886719e+00	9.697266e-01	
2291	-1.890625e+00	9.699707e-01	
2292	-1.885498e+00	9.687500e-01	
2293	-1.881592e+00	9.671631e-01	
2294	-1.887695e+00	9.694824e-01	
2295	-1.877197e+00	9.672852e-01	
2296	-1.884521e+00	9.689941e-01	
2297	-1.887451e+00	9.698486e-01	
2298	-1.895020e+00	9.714355e-01	
2299	-1.881592e+00	9.676514e-01	
2300	-1.883057e+00	9.687500e-01	
2301	-1.873291e+00	9.652100e-01	
2302	-1.882568e+00	9.675293e-01	
2303	-1.888672e+00	9.692383e-01	
2304	-1.890625e+00	9.703369e-01	
2305	-1.886719e+00	9.689941e-01	
2306	-1.891357e+00	9.707031e-01	
2307	-1.880371e+00	9.672852e-01	
2308	-1.887207e+00	9.689941e-01	
2309	-1.879395e+00	9.669189e-01	
2310	-1.881348e+00	9.671631e-01	
2311	-1.881348e+00	9.677734e-01	
2312	-1.894531e+00	9.711914e-01	
2313	-1.893311e+00	9.718018e-01	
2314	-1.899414e+00	9.724121e-01	
2315	-1.882568e+00	9.677734e-01	
2316	-1.883301e+00	9.692383e-01	
2317	-1.886719e+00	9.682617e-01	
2318	-1.884766e+00	9.687500e-01	
2319	-1.876709e+00	9.655762e-01	
2320	-1.875977e+00	9.656982e-01	
2321	-1.880127e+00	9.670410e-01	
2322	-1.888672e+00	9.703369e-01	
2323	-1.874023e+00	9.655762e-01	
2324	-1.867432e+00	9.637451e-01	
2325	-1.879395e+00	9.666748e-01	
2326	-1.864014e+00	9.624023e-01	
2327	-1.867676e+00	9.635010e-01	
2328	-1.863037e+00	9.613037e-01	
2329	-1.886963e+00	9.691162e-01	
2330	-1.890625e+00	9.698486e-01	
2331	-1.886719e+00	9.693604e-01	
2332	-1.883789e+00	9.682617e-01	
2333	-1.893311e+00	9.714355e-01	
2334	-1.886963e+00	9.696045e-01	
2335	-1.885010e+00	9.688721e-01	
2336	-1.895752e+00	9.716797e-01	
2337	-1.887207e+00	9.696045e-01	
2338	-1.869873e+00	9.650879e-01	
2339	-1.891357e+00	9.707031e-01	
2340	-1.875977e+00	9.653320e-01	
2341	-1.881348e+00	9.678955e-01	
2342	-1.881104e+00	9.674072e-01	
2343	-1.879639e+00	9.671631e-01	
2344	-1.893311e+00	9.703369e-01	
2345	-1.878662e+00	9.671631e-01	
2346	-1.872559e+00	9.654541e-01	
2347	-1.880371e+00	9.676514e-01	
2348	-1.903076e+00	9.739990e-01	
2349	-1.891602e+00	9.704590e-01	
2350	-1.870361e+00	9.641113e-01	
2351	-1.884521e+00	9.682617e-01	
2352	-1.880127e+00	9.667969e-01	
2353	-1.882324e+00	9.674072e-01	
2354	-1.873291e+00	9.649658e-01	
2355	-1.887451e+00	9.691162e-01	
2356	-1.875488e+00	9.663086e-01	
2357	-1.891357e+00	9.707031e-01	
2358	-1.888428e+00	9.691162e-01	
2359	-1.896729e+00	9.720459e-01	
2360	-1.870117e+00	9.644775e-01	
2361	-1.876221e+00	9.652100e-01	
2362	-1.866211e+00	9.621582e-01	
2363	-1.873291e+00	9.654541e-01	
2364	-1.877930e+00	9.669189e-01	
2365	-1.878662e+00	9.667969e-01	
2366	-1.881592e+00	9.682617e-01	
2367	-1.882324e+00	9.680176e-01	
2368	-1.865479e+00	9.636230e-01	
2369	-1.885742e+00	9.687500e-01	
2370	-1.886719e+00	9.691162e-01	
2371	-1.879395e+00	9.667969e-01	
2372	-1.890381e+00	9.699707e-01	
2373	-1.885498e+00	9.691162e-01	
2374	-1.889893e+00	9.699707e-01	
2375	-1.880127e+00	9.674072e-01	
2376	-1.884766e+00	9.686279e-01	
2377	-1.879395e+00	9.663086e-01	
2378	-1.903564e+00	9.735107e-01	
2379	-1.895508e+00	9.713135e-01	
2380	-1.891357e+00	9.702148e-01	
2381	-1.877686e+00	9.667969e-01	
2382	-1.887451e+00	9.700928e-01	
2383	-1.909668e+00	9.758301e-01	
2384	-1.885254e+00	9.685059e-01	
2385	-1.881104e+00	9.671631e-01	
2386	-1.893799e+00	9.713135e-01	
2387	-1.880615e+00	9.677734e-01	
2388	-1.871826e+00	9.650879e-01	
2389	-1.885742e+00	9.693604e-01	
2390	-1.876465e+00	9.661865e-01	
2391	-1.867432e+00	9.630127e-01	
2392	-1.885742e+00	9.686279e-01	
2393	-1.887207e+00	9.685059e-01	
2394	-1.890869e+00	9.698486e-01	
2395	-1.876953e+00	9.661865e-01	
2396	-1.888672e+00	9.694824e-01	
2397	-1.900635e+00	9.732666e-01	
2398	-1.887695e+00	9.697266e-01	
2399	-1.880127e+00	9.670410e-01	
2400	-1.882568e+00	9.683838e-01	
2401	-1.887451e+00	9.692383e-01	
2402	-1.885010e+00	9.686279e-01	
2403	-1.879883e+00	9.669189e-01	
2404	-1.877197e+00	9.667969e-01	
2405	-1.898438e+00	9.726562e-01	
2406	-1.877930e+00	9.672852e-01	
2407	-1.887451e+00	9.687500e-01	
2408	-1.874023e+00	9.650879e-01	
2409	-1.888428e+00	9.698486e-01	
2410	-1.895264e+00	9.722900e-01	
2411	-1.884033e+00	9.682617e-01	
2412	-1.894531e+00	9.710693e-01	
2413	-1.870117e+00	9.648438e-01	
2414	-1.870605e+00	9.635010e-01	
2415	-1.877441e+00	9.654541e-01	
2416	-1.858398e+00	9.614258e-01	
2417	-1.897217e+00	9.721680e-01	
2418	-1.894043e+00	9.707031e-01	
2419	-1.894531e+00	9.719238e-01	
2420	-1.871826e+00	9.650879e-01	
2421	-1.875244e+00	9.653320e-01	
2422	-1.872314e+00	9.647217e-01	
2423	-1.880127e+00	9.669189e-01	
2424	-1.884277e+00	9.686279e-01	
2425	-1.873535e+00	9.650879e-01	
2426	-1.875244e+00	9.663086e-01	
2427	-1.873535e+00	9.652100e-01	
2428	-1.873291e+00	9.655762e-01	
2429	-1.882080e+00	9.680176e-01	
2430	-1.876953e+00	9.659424e-01	
2431	-1.888428e+00	9.702148e-01	
2432	-1.883545e+00	9.678955e-01	
2433	-1.880615e+00	9.663086e-01	
2434	-1.881836e+00	9.672852e-01	
2435	-1.893555e+00	9.703369e-01	
2436	-1.886963e+00	9.683838e-01	
2437	-1.888428e+00	9.688721e-01	
2438	-1.881592e+00	9.674072e-01	
2439	-1.861084e+00	9.621582e-01	
2440	-1.882812e+00	9.682617e-01	
2441	-1.879883e+00	9.674072e-01	
2442	-1.885010e+00	9.683838e-01	
2443	-1.883301e+00	9.678955e-01	
2444	-1.879883e+00	9.672852e-01	
2445	-1.877686e+00	9.670410e-01	
2446	-1.871094e+00	9.637451e-01	
2447	-1.881348e+00	9.671631e-01	
2448	-1.874512e+00	9.656982e-01	
2449	-1.888916e+00	9.694824e-01	
2450	-1.888428e+00	9.702148e-01	
2451	-1.883301e+00	9.676514e-01	
2452	-1.885742e+00	9.685059e-01	
2453	-1.878174e+00	9.665527e-01	
2454	-1.886475e+00	9.689941e-01	
2455	-1.896484e+00	9.721680e-01	
2456	-1.872070e+00	9.647217e-01	
2457	-1.880127e+00	9.676514e-01	
2458	-1.892334e+00	9.708252e-01	
2459	-1.897461e+00	9.725342e-01	
2460	-1.888672e+00	9.697266e-01	
2461	-1.889160e+00	9.693604e-01	
2462	-1.884277e+00	9.677734e-01	
2463	-1.894043e+00	9.709473e-01	
2464	-1.894531e+00	9.716797e-01	
2465	-1.879883e+00	9.675293e-01	
2466	-1.886475e+00	9.688721e-01	
2467	-1.892578e+00	9.707031e-01	
2468	-1.885010e+00	9.687500e-01	
2469	-1.877197e+00	9.667969e-01	
2470	-1.886230e+00	9.691162e-01	
2471	-1.894287e+00	9.718018e-01	
2472	-1.895264e+00	9.707031e-01	
2473	-1.876221e+00	9.660645e-01	
2474	-1.889404e+00	9.693604e-01	
2475	-1.889648e+00	9.697266e-01	
2476	-1.877197e+00	9.665527e-01	
2477	-1.891602e+00	9.699707e-01	
2478	-1.888672e+00	9.692383e-01	
2479	-1.889160e+00	9.703369e-01	
2480	-1.886963e+00	9.699707e-01	
2481	-1.887451e+00	9.692383e-01	
2482	-1.886230e+00	9.687500e-01	
2483	-1.884766e+00	9.686279e-01	
2484	-1.893311e+00	9.710693e-01	
2485	-1.875244e+00	9.665527e-01	
2486	-1.892090e+00	9.705811e-01	
2487	-1.892822e+00	9.713135e-01	
2488	-1.892822e+00	9.708252e-01	
2489	-1.885742e+00	9.678955e-01	
2490	-1.867432e+00	9.633789e-01	
2491	-1.887939e+00	9.688721e-01	
2492	-1.884521e+00	9.680176e-01	
2493	-1.869385e+00	9.642334e-01	
2494	-1.888672e+00	9.703369e-01	
2495	-1.870361e+00	9.637451e-01	
2496	-1.888916e+00	9.698486e-01	
2497	-1.875732e+00	9.664307e-01	
2498	-1.885742e+00	9.681396e-01	
2499	-1.892090e+00	9.694824e-01	
