# 2d Ising model
# L = 128
# method = multihit
# beta_min = 0.8
# beta_max = 1
# N_pts_beta = 1
# h_min = 0
# h_max = 1
# N_pts_h = 1
# Ntherm = 1000
# Nac = 20
# Number of datapoints = 0
# beta 	 e 	 m 	 |m| 	 msq 	 accRate 	 Ntry 	 cV
0	-7.575684e-01	-7.446289e-03	3.891602e-01	5
1	-1.225098e+00	-8.911133e-03	2.266846e-01	5
2	-1.450439e+00	-4.272461e-03	1.520020e-01	5
3	-1.562744e+00	5.859375e-03	1.166138e-01	5
4	-1.632324e+00	9.765625e-03	1.018799e-01	5
5	-1.665527e+00	1.074219e-02	9.052734e-02	5
6	-1.701904e+00	2.807617e-03	7.933350e-02	5
7	-1.719238e+00	1.342773e-03	7.287598e-02	5
8	-1.736572e+00	-5.737305e-03	6.943359e-02	5
9	-1.747314e+00	-7.324219e-03	6.556396e-02	5
10	-1.757080e+00	3.051758e-03	6.292725e-02	5
11	-1.771240e+00	9.887695e-03	5.932617e-02	5
12	-1.783447e+00	2.038574e-02	5.996094e-02	5
13	-1.788330e+00	1.879883e-02	5.933838e-02	5
14	-1.797607e+00	1.989746e-02	5.391846e-02	5
15	-1.812500e+00	2.368164e-02	5.291748e-02	5
16	-1.812500e+00	3.015137e-02	4.937744e-02	5
17	-1.812256e+00	4.309082e-02	4.960937e-02	5
18	-1.818604e+00	6.201172e-02	5.167236e-02	5
19	-1.831787e+00	8.459473e-02	5.228271e-02	5
20	-1.837891e+00	9.851074e-02	4.614258e-02	5
21	-1.845215e+00	9.924316e-02	3.923340e-02	5
22	-1.851318e+00	1.064453e-01	4.046631e-02	5
23	-1.861572e+00	1.188965e-01	4.104004e-02	5
24	-1.856689e+00	1.164551e-01	3.669434e-02	5
25	-1.862305e+00	1.286621e-01	4.262695e-02	5
26	-1.871582e+00	1.340332e-01	3.774414e-02	5
27	-1.873535e+00	1.361084e-01	3.492432e-02	5
28	-1.875732e+00	1.346436e-01	3.283691e-02	5
29	-1.885498e+00	1.378174e-01	3.173828e-02	5
30	-1.886230e+00	1.469727e-01	3.260498e-02	5
31	-1.895996e+00	1.547852e-01	3.137207e-02	5
32	-1.899170e+00	1.550293e-01	2.836914e-02	5
33	-1.898926e+00	1.568604e-01	2.655029e-02	5
34	-1.905273e+00	1.743164e-01	3.055420e-02	5
35	-1.907471e+00	1.796875e-01	2.534180e-02	5
36	-1.908936e+00	1.856689e-01	2.489014e-02	5
37	-1.906738e+00	1.976318e-01	2.363281e-02	5
38	-1.915771e+00	1.983643e-01	2.250977e-02	5
39	-1.905273e+00	2.017822e-01	2.404785e-02	5
40	-1.911621e+00	2.033691e-01	2.147217e-02	5
41	-1.914551e+00	2.182617e-01	2.434082e-02	5
42	-1.913574e+00	2.183838e-01	2.069092e-02	5
43	-1.912598e+00	2.193604e-01	2.028809e-02	5
44	-1.915283e+00	2.244873e-01	2.158203e-02	5
45	-1.912109e+00	2.288818e-01	2.131348e-02	5
46	-1.915039e+00	2.393799e-01	2.145996e-02	5
47	-1.917236e+00	2.486572e-01	2.082520e-02	5
48	-1.919434e+00	2.637939e-01	2.116699e-02	5
49	-1.914062e+00	2.711182e-01	2.285156e-02	5
50	-1.918945e+00	2.790527e-01	2.322998e-02	5
51	-1.919189e+00	2.897949e-01	2.128906e-02	5
52	-1.917480e+00	3.002930e-01	2.087402e-02	5
53	-1.916260e+00	3.061523e-01	2.011719e-02	5
54	-1.923584e+00	3.137207e-01	1.962891e-02	5
55	-1.917480e+00	3.186035e-01	1.938477e-02	5
56	-1.926758e+00	3.271484e-01	2.048340e-02	5
57	-1.919189e+00	3.283691e-01	1.926270e-02	5
58	-1.921875e+00	3.397217e-01	2.015381e-02	5
59	-1.927979e+00	3.457031e-01	1.934814e-02	5
60	-1.924805e+00	3.521729e-01	1.744385e-02	5
61	-1.920898e+00	3.657227e-01	1.944580e-02	5
62	-1.924072e+00	3.741455e-01	1.912842e-02	5
63	-1.928467e+00	3.819580e-01	1.823730e-02	5
64	-1.927002e+00	3.979492e-01	1.993408e-02	5
65	-1.927979e+00	4.057617e-01	1.936035e-02	5
66	-1.926025e+00	4.150391e-01	1.789551e-02	5
67	-1.928223e+00	4.302979e-01	2.188721e-02	5
68	-1.930664e+00	4.395752e-01	2.111816e-02	5
69	-1.930908e+00	4.497070e-01	1.951904e-02	5
70	-1.928711e+00	4.625244e-01	1.890869e-02	5
71	-1.932617e+00	4.725342e-01	1.870117e-02	5
72	-1.932373e+00	4.808350e-01	1.840820e-02	5
73	-1.939941e+00	4.903564e-01	1.760254e-02	5
74	-1.937500e+00	5.039062e-01	1.912842e-02	5
75	-1.937012e+00	5.126953e-01	1.562500e-02	5
76	-1.939941e+00	5.195312e-01	1.584473e-02	5
77	-1.941406e+00	5.283203e-01	1.718750e-02	5
78	-1.937012e+00	5.321045e-01	1.461182e-02	5
79	-1.940674e+00	5.406494e-01	1.520996e-02	5
80	-1.938965e+00	5.518799e-01	1.613770e-02	5
81	-1.940918e+00	5.589600e-01	1.679687e-02	5
82	-1.945801e+00	5.720215e-01	1.575928e-02	5
83	-1.943115e+00	5.743408e-01	1.341553e-02	5
84	-1.946045e+00	5.822754e-01	1.466064e-02	5
85	-1.945801e+00	5.928955e-01	1.524658e-02	5
86	-1.949463e+00	5.996094e-01	1.361084e-02	5
87	-1.949463e+00	6.052246e-01	1.308594e-02	5
88	-1.948975e+00	6.145020e-01	1.333008e-02	5
89	-1.946777e+00	6.108398e-01	1.394043e-02	5
90	-1.949219e+00	6.165771e-01	1.268311e-02	5
91	-1.950928e+00	6.250000e-01	1.390381e-02	5
92	-1.948975e+00	6.315918e-01	1.455078e-02	5
93	-1.942627e+00	6.351318e-01	1.214600e-02	5
94	-1.944092e+00	6.401367e-01	1.417236e-02	5
95	-1.941162e+00	6.440430e-01	1.242676e-02	5
96	-1.946289e+00	6.522217e-01	1.397705e-02	5
97	-1.946777e+00	6.585693e-01	1.367188e-02	5
98	-1.943359e+00	6.645508e-01	1.424561e-02	5
99	-1.948242e+00	6.713867e-01	1.489258e-02	5
100	-1.946533e+00	6.749268e-01	1.273193e-02	5
101	-1.945068e+00	6.859131e-01	1.396484e-02	5
102	-1.950195e+00	6.967773e-01	1.395264e-02	5
103	-1.946777e+00	7.019043e-01	1.276855e-02	5
104	-1.951172e+00	7.099609e-01	1.169434e-02	5
105	-1.948242e+00	7.193604e-01	1.392822e-02	5
106	-1.952148e+00	7.343750e-01	1.531982e-02	5
107	-1.952881e+00	7.429199e-01	1.267090e-02	5
108	-1.952148e+00	7.464600e-01	1.163330e-02	5
109	-1.953613e+00	7.552490e-01	1.430664e-02	5
110	-1.957520e+00	7.655029e-01	1.394043e-02	5
111	-1.953369e+00	7.758789e-01	1.309814e-02	5
112	-1.953125e+00	7.867432e-01	1.292725e-02	5
113	-1.953369e+00	7.995605e-01	1.419678e-02	5
114	-1.954590e+00	8.106689e-01	1.483154e-02	5
115	-1.956787e+00	8.197021e-01	1.271973e-02	5
116	-1.955078e+00	8.284912e-01	1.376953e-02	5
117	-1.954590e+00	8.381348e-01	1.212158e-02	5
118	-1.964844e+00	8.568115e-01	1.422119e-02	5
119	-1.958496e+00	8.641357e-01	1.076660e-02	5
120	-1.962158e+00	8.697510e-01	9.863281e-03	5
121	-1.961182e+00	8.718262e-01	1.046143e-02	5
122	-1.963623e+00	8.807373e-01	1.141357e-02	5
123	-1.960693e+00	8.879395e-01	1.158447e-02	5
124	-1.960449e+00	8.970947e-01	1.180420e-02	5
125	-1.961182e+00	9.040527e-01	1.136475e-02	5
126	-1.964844e+00	9.112549e-01	1.014404e-02	5
127	-1.963379e+00	9.235840e-01	1.236572e-02	5
128	-1.961914e+00	9.290771e-01	1.002197e-02	5
129	-1.965332e+00	9.356689e-01	9.887695e-03	5
130	-1.970459e+00	9.409180e-01	9.704590e-03	5
131	-1.967285e+00	9.451904e-01	9.216309e-03	5
132	-1.972412e+00	9.530029e-01	9.423828e-03	5
133	-1.971924e+00	9.592285e-01	8.605957e-03	5
134	-1.976318e+00	9.678955e-01	8.898926e-03	5
135	-1.976074e+00	9.757080e-01	8.398437e-03	5
136	-1.972656e+00	9.799805e-01	7.507324e-03	5
137	-1.974365e+00	9.831543e-01	6.640625e-03	5
138	-1.976318e+00	9.849854e-01	6.457520e-03	5
139	-1.978516e+00	9.875488e-01	6.091309e-03	5
140	-1.981201e+00	9.918213e-01	6.042480e-03	5
141	-1.983154e+00	9.934082e-01	5.554199e-03	5
142	-1.977539e+00	9.920654e-01	4.431152e-03	5
143	-1.984375e+00	9.954834e-01	4.760742e-03	5
144	-1.983887e+00	9.957275e-01	4.785156e-03	5
145	-1.983887e+00	9.959717e-01	4.077148e-03	5
146	-1.989990e+00	9.971924e-01	3.759766e-03	5
147	-1.989502e+00	9.971924e-01	3.149414e-03	5
148	-1.982666e+00	9.954834e-01	3.393555e-03	5
149	-1.984863e+00	9.962158e-01	4.296875e-03	5
150	-1.979004e+00	9.946289e-01	4.333496e-03	5
151	-1.983154e+00	9.957275e-01	3.894043e-03	5
152	-1.988281e+00	9.968262e-01	4.260254e-03	5
153	-1.982178e+00	9.953613e-01	4.150391e-03	5
154	-1.987793e+00	9.968262e-01	3.540039e-03	5
155	-1.989746e+00	9.973145e-01	3.466797e-03	5
156	-1.989746e+00	9.974365e-01	3.479004e-03	5
157	-1.986572e+00	9.964600e-01	3.564453e-03	5
158	-1.987305e+00	9.967041e-01	3.100586e-03	5
159	-1.977051e+00	9.938965e-01	3.967285e-03	5
160	-1.981201e+00	9.952393e-01	4.699707e-03	5
161	-1.985596e+00	9.963379e-01	3.967285e-03	5
162	-1.976807e+00	9.940186e-01	4.089355e-03	5
163	-1.986816e+00	9.965820e-01	4.357910e-03	5
164	-1.986084e+00	9.960938e-01	3.540039e-03	5
165	-1.984375e+00	9.958496e-01	4.248047e-03	5
166	-1.984619e+00	9.959717e-01	4.211426e-03	5
167	-1.987061e+00	9.965820e-01	4.040527e-03	5
168	-1.987061e+00	9.963379e-01	3.735352e-03	5
169	-1.980225e+00	9.946289e-01	4.101563e-03	5
170	-1.984131e+00	9.957275e-01	5.163574e-03	5
171	-1.985840e+00	9.964600e-01	3.637695e-03	5
172	-1.986084e+00	9.964600e-01	3.662109e-03	5
173	-1.986572e+00	9.964600e-01	4.125977e-03	5
174	-1.985596e+00	9.960938e-01	3.454590e-03	5
175	-1.985596e+00	9.962158e-01	3.771973e-03	5
176	-1.984863e+00	9.957275e-01	3.686523e-03	5
177	-1.990723e+00	9.976807e-01	3.564453e-03	5
178	-1.979492e+00	9.946289e-01	3.869629e-03	5
179	-1.983398e+00	9.953613e-01	4.565430e-03	5
180	-1.982666e+00	9.954834e-01	4.138184e-03	5
181	-1.989502e+00	9.971924e-01	4.394531e-03	5
182	-1.983643e+00	9.958496e-01	4.113770e-03	5
183	-1.982910e+00	9.954834e-01	3.967285e-03	5
184	-1.980713e+00	9.947510e-01	3.979492e-03	5
185	-1.980713e+00	9.948730e-01	4.577637e-03	5
186	-1.990479e+00	9.975586e-01	4.174805e-03	5
187	-1.982666e+00	9.954834e-01	4.357910e-03	5
188	-1.981934e+00	9.952393e-01	3.808594e-03	5
189	-1.983154e+00	9.954834e-01	4.467773e-03	5
190	-1.986328e+00	9.963379e-01	3.991699e-03	5
191	-1.981689e+00	9.951172e-01	4.150391e-03	5
192	-1.986328e+00	9.963379e-01	4.174805e-03	5
193	-1.989014e+00	9.970703e-01	4.174805e-03	5
194	-1.988525e+00	9.970703e-01	3.857422e-03	5
195	-1.983887e+00	9.959717e-01	3.723145e-03	5
196	-1.987305e+00	9.967041e-01	3.784180e-03	5
197	-1.980713e+00	9.948730e-01	4.309082e-03	5
198	-1.984375e+00	9.958496e-01	4.589844e-03	5
199	-1.977783e+00	9.942627e-01	4.235840e-03	5
200	-1.979248e+00	9.943848e-01	4.479980e-03	5
201	-1.986084e+00	9.963379e-01	4.101563e-03	5
202	-1.988525e+00	9.970703e-01	3.833008e-03	5
203	-1.986572e+00	9.964600e-01	3.820801e-03	5
204	-1.983398e+00	9.956055e-01	3.576660e-03	5
205	-1.984131e+00	9.957275e-01	4.016113e-03	5
206	-1.985352e+00	9.962158e-01	4.150391e-03	5
207	-1.981201e+00	9.952393e-01	3.881836e-03	5
208	-1.987793e+00	9.968262e-01	4.162598e-03	5
209	-1.982666e+00	9.953613e-01	4.345703e-03	5
210	-1.983887e+00	9.958496e-01	3.686523e-03	5
211	-1.985107e+00	9.958496e-01	3.686523e-03	5
212	-1.983154e+00	9.953613e-01	4.321289e-03	5
213	-1.985107e+00	9.960938e-01	3.857422e-03	5
214	-1.984863e+00	9.959717e-01	4.040527e-03	5
215	-1.987793e+00	9.968262e-01	3.723145e-03	5
216	-1.980713e+00	9.949951e-01	3.820801e-03	5
217	-1.987061e+00	9.967041e-01	4.077148e-03	5
218	-1.985840e+00	9.962158e-01	3.808594e-03	5
219	-1.989258e+00	9.973145e-01	3.601074e-03	5
220	-1.991211e+00	9.976807e-01	4.040527e-03	5
221	-1.986084e+00	9.964600e-01	3.710937e-03	5
222	-1.980713e+00	9.948730e-01	3.869629e-03	5
223	-1.989502e+00	9.973145e-01	4.077148e-03	5
224	-1.986084e+00	9.963379e-01	4.150391e-03	5
225	-1.985352e+00	9.962158e-01	3.820801e-03	5
226	-1.984863e+00	9.959717e-01	3.735352e-03	5
227	-1.983643e+00	9.956055e-01	4.309082e-03	5
228	-1.988770e+00	9.970703e-01	4.101563e-03	5
229	-1.989746e+00	9.974365e-01	3.234863e-03	5
230	-1.987793e+00	9.968262e-01	3.942871e-03	5
231	-1.985352e+00	9.960938e-01	3.686523e-03	5
232	-1.987061e+00	9.967041e-01	3.723145e-03	5
233	-1.986328e+00	9.965820e-01	3.649902e-03	5
234	-1.988281e+00	9.970703e-01	3.686523e-03	5
235	-1.983398e+00	9.957275e-01	3.820801e-03	5
236	-1.982422e+00	9.953613e-01	3.918457e-03	5
237	-1.986572e+00	9.965820e-01	4.101563e-03	5
238	-1.982910e+00	9.954834e-01	4.138184e-03	5
239	-1.987549e+00	9.967041e-01	4.370117e-03	5
240	-1.988770e+00	9.971924e-01	3.466797e-03	5
241	-1.981445e+00	9.949951e-01	3.442383e-03	5
242	-1.989502e+00	9.973145e-01	4.187012e-03	5
243	-1.983398e+00	9.957275e-01	3.112793e-03	5
244	-1.981934e+00	9.953613e-01	4.016113e-03	5
245	-1.989258e+00	9.973145e-01	3.686523e-03	5
246	-1.987793e+00	9.968262e-01	3.369141e-03	5
247	-1.985596e+00	9.960938e-01	3.857422e-03	5
248	-1.985596e+00	9.963379e-01	3.784180e-03	5
249	-1.983398e+00	9.956055e-01	3.979492e-03	5
250	-1.981201e+00	9.948730e-01	4.785156e-03	5
251	-1.985596e+00	9.963379e-01	4.003906e-03	5
252	-1.980957e+00	9.951172e-01	3.930664e-03	5
253	-1.981445e+00	9.948730e-01	4.614258e-03	5
254	-1.981445e+00	9.953613e-01	4.321289e-03	5
255	-1.982666e+00	9.953613e-01	4.296875e-03	5
256	-1.981201e+00	9.952393e-01	4.357910e-03	5
257	-1.985840e+00	9.962158e-01	3.833008e-03	5
258	-1.984619e+00	9.960938e-01	3.918457e-03	5
259	-1.982666e+00	9.956055e-01	3.564453e-03	5
260	-1.984375e+00	9.958496e-01	4.272461e-03	5
261	-1.987793e+00	9.969482e-01	3.479004e-03	5
262	-1.982910e+00	9.956055e-01	4.284668e-03	5
263	-1.990479e+00	9.974365e-01	4.455566e-03	5
264	-1.983887e+00	9.957275e-01	4.052734e-03	5
265	-1.978271e+00	9.942627e-01	4.541016e-03	5
266	-1.986084e+00	9.963379e-01	3.918457e-03	5
267	-1.986816e+00	9.965820e-01	4.150391e-03	5
268	-1.987793e+00	9.968262e-01	3.881836e-03	5
269	-1.984131e+00	9.958496e-01	3.955078e-03	5
270	-1.985107e+00	9.960938e-01	3.906250e-03	5
271	-1.984131e+00	9.959717e-01	3.527832e-03	5
272	-1.981201e+00	9.949951e-01	3.784180e-03	5
273	-1.990234e+00	9.975586e-01	3.820801e-03	5
274	-1.988281e+00	9.970703e-01	3.417969e-03	5
275	-1.989502e+00	9.973145e-01	3.588867e-03	5
276	-1.980713e+00	9.951172e-01	3.686523e-03	5
277	-1.985352e+00	9.963379e-01	3.759766e-03	5
278	-1.983154e+00	9.956055e-01	4.052734e-03	5
279	-1.985596e+00	9.963379e-01	3.784180e-03	5
280	-1.987061e+00	9.967041e-01	4.211426e-03	5
281	-1.988037e+00	9.969482e-01	3.857422e-03	5
282	-1.981934e+00	9.952393e-01	4.272461e-03	5
283	-1.979736e+00	9.947510e-01	4.638672e-03	5
284	-1.983154e+00	9.956055e-01	4.211426e-03	5
285	-1.987793e+00	9.963379e-01	4.296875e-03	5
286	-1.985596e+00	9.960938e-01	3.735352e-03	5
287	-1.984131e+00	9.958496e-01	3.833008e-03	5
288	-1.987061e+00	9.967041e-01	3.649902e-03	5
289	-1.987549e+00	9.968262e-01	3.479004e-03	5
290	-1.986816e+00	9.964600e-01	3.454590e-03	5
291	-1.984375e+00	9.958496e-01	4.187012e-03	5
292	-1.974609e+00	9.930420e-01	4.479980e-03	5
293	-1.979492e+00	9.946289e-01	4.235840e-03	5
294	-1.983643e+00	9.958496e-01	4.077148e-03	5
295	-1.986084e+00	9.964600e-01	3.576660e-03	5
296	-1.984375e+00	9.959717e-01	3.881836e-03	5
297	-1.979980e+00	9.948730e-01	4.357910e-03	5
298	-1.984375e+00	9.959717e-01	4.260254e-03	5
299	-1.990723e+00	9.976807e-01	3.564453e-03	5
300	-1.986816e+00	9.967041e-01	2.978516e-03	5
301	-1.983398e+00	9.956055e-01	3.674316e-03	5
302	-1.985107e+00	9.962158e-01	4.382324e-03	5
303	-1.983887e+00	9.956055e-01	4.138184e-03	5
304	-1.983154e+00	9.956055e-01	4.003906e-03	5
305	-1.986328e+00	9.964600e-01	4.016113e-03	5
306	-1.985352e+00	9.962158e-01	3.564453e-03	5
307	-1.987305e+00	9.967041e-01	4.223633e-03	5
308	-1.988281e+00	9.970703e-01	4.113770e-03	5
309	-1.988037e+00	9.968262e-01	3.613281e-03	5
310	-1.979980e+00	9.948730e-01	3.637695e-03	5
311	-1.984863e+00	9.962158e-01	3.747559e-03	5
312	-1.982666e+00	9.954834e-01	4.125977e-03	5
313	-1.987549e+00	9.968262e-01	3.845215e-03	5
314	-1.983398e+00	9.958496e-01	3.955078e-03	5
315	-1.984863e+00	9.959717e-01	4.162598e-03	5
316	-1.986084e+00	9.963379e-01	4.235840e-03	5
317	-1.987549e+00	9.967041e-01	3.991699e-03	5
318	-1.982910e+00	9.954834e-01	4.492187e-03	5
319	-1.983887e+00	9.957275e-01	3.979492e-03	5
320	-1.980713e+00	9.947510e-01	4.125977e-03	5
321	-1.987061e+00	9.964600e-01	3.784180e-03	5
322	-1.989502e+00	9.971924e-01	3.979492e-03	5
323	-1.987793e+00	9.967041e-01	3.247070e-03	5
324	-1.981201e+00	9.951172e-01	3.894043e-03	5
325	-1.982910e+00	9.956055e-01	4.052734e-03	5
326	-1.988037e+00	9.968262e-01	3.979492e-03	5
327	-1.985840e+00	9.963379e-01	3.466797e-03	5
328	-1.980469e+00	9.949951e-01	3.747559e-03	5
329	-1.986328e+00	9.963379e-01	4.382324e-03	5
330	-1.987061e+00	9.967041e-01	3.918457e-03	5
331	-1.988037e+00	9.969482e-01	3.735352e-03	5
332	-1.980957e+00	9.951172e-01	3.088379e-03	5
333	-1.986328e+00	9.964600e-01	4.602051e-03	5
334	-1.984619e+00	9.957275e-01	4.296875e-03	5
335	-1.981689e+00	9.951172e-01	3.869629e-03	5
336	-1.983154e+00	9.953613e-01	4.467773e-03	5
337	-1.986572e+00	9.964600e-01	3.918457e-03	5
338	-1.988281e+00	9.970703e-01	4.040527e-03	5
339	-1.979980e+00	9.947510e-01	4.431152e-03	5
340	-1.985107e+00	9.962158e-01	3.808594e-03	5
341	-1.985352e+00	9.962158e-01	3.686523e-03	5
342	-1.982666e+00	9.956055e-01	3.723145e-03	5
343	-1.983643e+00	9.956055e-01	4.638672e-03	5
344	-1.988037e+00	9.969482e-01	4.064941e-03	5
345	-1.984131e+00	9.959717e-01	3.906250e-03	5
346	-1.980957e+00	9.948730e-01	4.455566e-03	5
347	-1.980469e+00	9.949951e-01	4.260254e-03	5
348	-1.983398e+00	9.954834e-01	5.004883e-03	5
349	-1.982666e+00	9.952393e-01	4.125977e-03	5
350	-1.986816e+00	9.967041e-01	4.077148e-03	5
351	-1.982178e+00	9.953613e-01	3.747559e-03	5
352	-1.985840e+00	9.960938e-01	4.125977e-03	5
353	-1.986328e+00	9.964600e-01	4.382324e-03	5
354	-1.983154e+00	9.957275e-01	4.370117e-03	5
355	-1.981689e+00	9.952393e-01	4.589844e-03	5
356	-1.984375e+00	9.957275e-01	3.906250e-03	5
357	-1.987061e+00	9.965820e-01	3.991699e-03	5
358	-1.986816e+00	9.965820e-01	3.930664e-03	5
359	-1.986328e+00	9.963379e-01	3.735352e-03	5
360	-1.987305e+00	9.968262e-01	3.759766e-03	5
361	-1.987549e+00	9.964600e-01	3.576660e-03	5
362	-1.987793e+00	9.968262e-01	3.552246e-03	5
363	-1.981689e+00	9.952393e-01	3.942871e-03	5
364	-1.980957e+00	9.949951e-01	4.028320e-03	5
365	-1.987305e+00	9.968262e-01	3.747559e-03	5
366	-1.983398e+00	9.958496e-01	3.662109e-03	5
367	-1.985596e+00	9.962158e-01	3.942871e-03	5
368	-1.984863e+00	9.959717e-01	4.028320e-03	5
369	-1.983643e+00	9.956055e-01	3.820801e-03	5
370	-1.987793e+00	9.967041e-01	4.113770e-03	5
371	-1.984863e+00	9.960938e-01	3.991699e-03	5
372	-1.981201e+00	9.952393e-01	4.235840e-03	5
373	-1.985107e+00	9.960938e-01	3.869629e-03	5
374	-1.982422e+00	9.953613e-01	4.028320e-03	5
375	-1.983398e+00	9.956055e-01	4.443359e-03	5
376	-1.986816e+00	9.964600e-01	3.479004e-03	5
377	-1.984375e+00	9.959717e-01	3.710937e-03	5
378	-1.984619e+00	9.956055e-01	4.211426e-03	5
379	-1.988525e+00	9.969482e-01	4.357910e-03	5
380	-1.989258e+00	9.973145e-01	3.967285e-03	5
381	-1.985352e+00	9.962158e-01	3.869629e-03	5
382	-1.985596e+00	9.962158e-01	4.003906e-03	5
383	-1.985352e+00	9.960938e-01	3.576660e-03	5
384	-1.981689e+00	9.952393e-01	3.625488e-03	5
385	-1.980957e+00	9.947510e-01	3.881836e-03	5
386	-1.977539e+00	9.942627e-01	4.614258e-03	5
387	-1.981689e+00	9.949951e-01	4.370117e-03	5
388	-1.984131e+00	9.957275e-01	3.906250e-03	5
389	-1.987061e+00	9.967041e-01	3.564453e-03	5
390	-1.984131e+00	9.956055e-01	4.040527e-03	5
391	-1.985352e+00	9.963379e-01	3.955078e-03	5
392	-1.981689e+00	9.952393e-01	3.918457e-03	5
393	-1.979980e+00	9.948730e-01	4.211426e-03	5
394	-1.984863e+00	9.958496e-01	4.223633e-03	5
395	-1.981934e+00	9.953613e-01	4.345703e-03	5
396	-1.983398e+00	9.954834e-01	4.211426e-03	5
397	-1.985596e+00	9.963379e-01	3.967285e-03	5
398	-1.989746e+00	9.973145e-01	3.759766e-03	5
399	-1.984863e+00	9.960938e-01	3.808594e-03	5
400	-1.990967e+00	9.976807e-01	3.649902e-03	5
401	-1.985840e+00	9.963379e-01	3.503418e-03	5
402	-1.986572e+00	9.964600e-01	4.211426e-03	5
403	-1.987549e+00	9.968262e-01	3.503418e-03	5
404	-1.984131e+00	9.957275e-01	3.479004e-03	5
405	-1.980713e+00	9.948730e-01	4.064941e-03	5
406	-1.986328e+00	9.963379e-01	4.101563e-03	5
407	-1.988281e+00	9.969482e-01	3.503418e-03	5
408	-1.987061e+00	9.964600e-01	4.028320e-03	5
409	-1.984863e+00	9.958496e-01	3.698730e-03	5
410	-1.988037e+00	9.967041e-01	4.211426e-03	5
411	-1.987793e+00	9.968262e-01	3.894043e-03	5
412	-1.980957e+00	9.949951e-01	4.211426e-03	5
413	-1.985840e+00	9.962158e-01	4.028320e-03	5
414	-1.986572e+00	9.965820e-01	4.431152e-03	5
415	-1.977295e+00	9.941406e-01	4.101563e-03	5
416	-1.984375e+00	9.957275e-01	4.602051e-03	5
417	-1.986328e+00	9.964600e-01	4.394531e-03	5
418	-1.987549e+00	9.965820e-01	3.918457e-03	5
419	-1.981689e+00	9.951172e-01	4.223633e-03	5
420	-1.980225e+00	9.947510e-01	4.602051e-03	5
421	-1.987305e+00	9.967041e-01	4.760742e-03	5
422	-1.978760e+00	9.945068e-01	4.687500e-03	5
423	-1.982666e+00	9.956055e-01	4.187012e-03	5
424	-1.978516e+00	9.942627e-01	4.748535e-03	5
425	-1.979248e+00	9.942627e-01	4.516602e-03	5
426	-1.987061e+00	9.965820e-01	3.698730e-03	5
427	-1.989258e+00	9.970703e-01	3.466797e-03	5
428	-1.982422e+00	9.951172e-01	4.077148e-03	5
429	-1.984131e+00	9.959717e-01	4.309082e-03	5
430	-1.986572e+00	9.963379e-01	4.235840e-03	5
431	-1.984375e+00	9.958496e-01	3.955078e-03	5
432	-1.981201e+00	9.951172e-01	4.248047e-03	5
433	-1.986084e+00	9.964600e-01	4.016113e-03	5
434	-1.984131e+00	9.959717e-01	4.516602e-03	5
435	-1.989258e+00	9.973145e-01	4.016113e-03	5
436	-1.982422e+00	9.951172e-01	4.028320e-03	5
437	-1.979492e+00	9.946289e-01	4.541016e-03	5
438	-1.986084e+00	9.962158e-01	4.382324e-03	5
439	-1.982178e+00	9.953613e-01	4.187012e-03	5
440	-1.981934e+00	9.953613e-01	3.930664e-03	5
441	-1.986328e+00	9.964600e-01	3.723145e-03	5
442	-1.987305e+00	9.965820e-01	4.309082e-03	5
443	-1.983643e+00	9.957275e-01	3.503418e-03	5
444	-1.985596e+00	9.962158e-01	4.125977e-03	5
445	-1.985352e+00	9.959717e-01	4.077148e-03	5
446	-1.986084e+00	9.964600e-01	3.955078e-03	5
447	-1.981934e+00	9.951172e-01	4.260254e-03	5
448	-1.987549e+00	9.968262e-01	4.028320e-03	5
449	-1.990234e+00	9.975586e-01	3.930664e-03	5
450	-1.983398e+00	9.956055e-01	3.442383e-03	5
451	-1.985596e+00	9.960938e-01	4.125977e-03	5
452	-1.988281e+00	9.970703e-01	3.588867e-03	5
453	-1.979492e+00	9.947510e-01	3.674316e-03	5
454	-1.986084e+00	9.963379e-01	4.260254e-03	5
455	-1.983887e+00	9.958496e-01	3.808594e-03	5
456	-1.984863e+00	9.957275e-01	3.625488e-03	5
457	-1.982910e+00	9.954834e-01	4.125977e-03	5
458	-1.980225e+00	9.947510e-01	4.248047e-03	5
459	-1.985107e+00	9.962158e-01	4.516602e-03	5
460	-1.989258e+00	9.973145e-01	3.796387e-03	5
461	-1.984863e+00	9.962158e-01	3.991699e-03	5
462	-1.982422e+00	9.954834e-01	3.808594e-03	5
463	-1.987305e+00	9.968262e-01	3.625488e-03	5
464	-1.986328e+00	9.965820e-01	3.710937e-03	5
465	-1.985352e+00	9.962158e-01	3.894043e-03	5
466	-1.987061e+00	9.965820e-01	4.162598e-03	5
467	-1.988281e+00	9.968262e-01	3.759766e-03	5
468	-1.984375e+00	9.957275e-01	4.040527e-03	5
469	-1.984619e+00	9.960938e-01	4.553223e-03	5
470	-1.983154e+00	9.957275e-01	3.576660e-03	5
471	-1.985596e+00	9.963379e-01	4.187012e-03	5
472	-1.985840e+00	9.963379e-01	3.515625e-03	5
473	-1.987061e+00	9.965820e-01	3.515625e-03	5
474	-1.981934e+00	9.952393e-01	3.796387e-03	5
475	-1.985596e+00	9.963379e-01	4.187012e-03	5
476	-1.984619e+00	9.958496e-01	4.077148e-03	5
477	-1.991455e+00	9.978027e-01	4.345703e-03	5
478	-1.988525e+00	9.970703e-01	3.295898e-03	5
479	-1.985107e+00	9.960938e-01	3.247070e-03	5
480	-1.984375e+00	9.959717e-01	3.576660e-03	5
481	-1.992920e+00	9.980469e-01	3.381348e-03	5
482	-1.988770e+00	9.970703e-01	3.247070e-03	5
483	-1.990967e+00	9.976807e-01	3.698730e-03	5
484	-1.983887e+00	9.959717e-01	4.028320e-03	5
485	-1.991699e+00	9.979248e-01	3.344727e-03	5
486	-1.984619e+00	9.960938e-01	3.625488e-03	5
487	-1.983887e+00	9.959717e-01	4.187012e-03	5
488	-1.984375e+00	9.958496e-01	3.454590e-03	5
489	-1.982422e+00	9.953613e-01	4.101563e-03	5
490	-1.986816e+00	9.964600e-01	4.162598e-03	5
491	-1.980469e+00	9.948730e-01	4.528809e-03	5
492	-1.985840e+00	9.963379e-01	4.174805e-03	5
493	-1.983398e+00	9.957275e-01	3.967285e-03	5
494	-1.989502e+00	9.973145e-01	3.454590e-03	5
495	-1.987793e+00	9.969482e-01	2.917480e-03	5
496	-1.989502e+00	9.973145e-01	3.723145e-03	5
497	-1.985107e+00	9.960938e-01	3.710937e-03	5
498	-1.986816e+00	9.963379e-01	3.833008e-03	5
499	-1.985107e+00	9.960938e-01	3.833008e-03	5
500	-1.986084e+00	9.964600e-01	3.967285e-03	5
501	-1.985352e+00	9.959717e-01	3.784180e-03	5
502	-1.983643e+00	9.956055e-01	4.382324e-03	5
503	-1.981445e+00	9.952393e-01	4.162598e-03	5
504	-1.980225e+00	9.946289e-01	3.405762e-03	5
505	-1.985840e+00	9.963379e-01	3.857422e-03	5
506	-1.981934e+00	9.952393e-01	4.821777e-03	5
507	-1.984375e+00	9.956055e-01	4.138184e-03	5
508	-1.984619e+00	9.958496e-01	3.784180e-03	5
509	-1.985352e+00	9.962158e-01	3.991699e-03	5
510	-1.980225e+00	9.947510e-01	4.199219e-03	5
511	-1.983887e+00	9.957275e-01	4.150391e-03	5
512	-1.984375e+00	9.958496e-01	3.820801e-03	5
513	-1.983643e+00	9.957275e-01	4.089355e-03	5
514	-1.986572e+00	9.964600e-01	4.394531e-03	5
515	-1.979248e+00	9.942627e-01	4.077148e-03	5
516	-1.983398e+00	9.957275e-01	4.272461e-03	5
517	-1.984619e+00	9.960938e-01	3.698730e-03	5
518	-1.986084e+00	9.964600e-01	3.527832e-03	5
519	-1.986328e+00	9.965820e-01	3.869629e-03	5
520	-1.989990e+00	9.973145e-01	3.833008e-03	5
521	-1.981201e+00	9.951172e-01	3.784180e-03	5
522	-1.985596e+00	9.963379e-01	4.614258e-03	5
523	-1.986572e+00	9.963379e-01	3.833008e-03	5
524	-1.980713e+00	9.949951e-01	4.162598e-03	5
525	-1.980957e+00	9.951172e-01	4.626465e-03	5
526	-1.977295e+00	9.938965e-01	3.881836e-03	5
527	-1.982666e+00	9.951172e-01	4.541016e-03	5
528	-1.986572e+00	9.964600e-01	3.796387e-03	5
529	-1.985596e+00	9.962158e-01	3.784180e-03	5
530	-1.980957e+00	9.948730e-01	4.528809e-03	5
531	-1.981445e+00	9.949951e-01	3.991699e-03	5
532	-1.989258e+00	9.971924e-01	4.028320e-03	5
533	-1.984619e+00	9.959717e-01	3.930664e-03	5
534	-1.989258e+00	9.973145e-01	3.161621e-03	5
535	-1.982422e+00	9.953613e-01	3.833008e-03	5
536	-1.985107e+00	9.960938e-01	4.199219e-03	5
537	-1.979248e+00	9.946289e-01	4.345703e-03	5
538	-1.983154e+00	9.951172e-01	3.784180e-03	5
539	-1.981934e+00	9.946289e-01	4.589844e-03	5
540	-1.988525e+00	9.970703e-01	4.223633e-03	5
541	-1.985596e+00	9.962158e-01	3.796387e-03	5
542	-1.983398e+00	9.953613e-01	4.113770e-03	5
543	-1.982666e+00	9.951172e-01	4.858398e-03	5
544	-1.981689e+00	9.951172e-01	4.101563e-03	5
545	-1.981201e+00	9.949951e-01	4.284668e-03	5
546	-1.980469e+00	9.946289e-01	4.870605e-03	5
547	-1.986084e+00	9.963379e-01	3.857422e-03	5
548	-1.987549e+00	9.968262e-01	3.808594e-03	5
549	-1.987305e+00	9.967041e-01	3.894043e-03	5
550	-1.984863e+00	9.958496e-01	3.649902e-03	5
551	-1.986328e+00	9.964600e-01	3.601074e-03	5
552	-1.984619e+00	9.959717e-01	3.686523e-03	5
553	-1.982178e+00	9.953613e-01	3.820801e-03	5
554	-1.984375e+00	9.959717e-01	3.552246e-03	5
555	-1.983887e+00	9.958496e-01	4.113770e-03	5
556	-1.983398e+00	9.957275e-01	4.211426e-03	5
557	-1.980713e+00	9.945068e-01	3.735352e-03	5
558	-1.987061e+00	9.960938e-01	4.870605e-03	5
559	-1.985840e+00	9.958496e-01	3.906250e-03	5
560	-1.983154e+00	9.956055e-01	4.028320e-03	5
561	-1.984619e+00	9.960938e-01	3.979492e-03	5
562	-1.983398e+00	9.956055e-01	3.588867e-03	5
563	-1.987793e+00	9.968262e-01	3.466797e-03	5
564	-1.981934e+00	9.953613e-01	3.833008e-03	5
565	-1.989258e+00	9.973145e-01	3.955078e-03	5
566	-1.986084e+00	9.964600e-01	3.918457e-03	5
567	-1.989014e+00	9.970703e-01	3.552246e-03	5
568	-1.983154e+00	9.956055e-01	3.759766e-03	5
569	-1.991699e+00	9.979248e-01	3.503418e-03	5
570	-1.988037e+00	9.969482e-01	3.540039e-03	5
571	-1.982178e+00	9.951172e-01	4.089355e-03	5
572	-1.986816e+00	9.965820e-01	3.784180e-03	5
573	-1.989746e+00	9.973145e-01	3.613281e-03	5
574	-1.987305e+00	9.968262e-01	3.710937e-03	5
575	-1.984131e+00	9.959717e-01	3.552246e-03	5
576	-1.980713e+00	9.947510e-01	3.979492e-03	5
577	-1.987793e+00	9.968262e-01	3.308105e-03	5
578	-1.985107e+00	9.960938e-01	4.003906e-03	5
579	-1.982666e+00	9.956055e-01	4.125977e-03	5
580	-1.986328e+00	9.963379e-01	3.955078e-03	5
581	-1.988525e+00	9.969482e-01	4.089355e-03	5
582	-1.985596e+00	9.959717e-01	3.784180e-03	5
583	-1.983154e+00	9.956055e-01	4.113770e-03	5
584	-1.988770e+00	9.971924e-01	3.894043e-03	5
585	-1.986572e+00	9.964600e-01	3.808594e-03	5
586	-1.981201e+00	9.948730e-01	3.820801e-03	5
587	-1.979736e+00	9.943848e-01	4.443359e-03	5
588	-1.988037e+00	9.968262e-01	4.248047e-03	5
589	-1.987061e+00	9.965820e-01	3.808594e-03	5
590	-1.986084e+00	9.963379e-01	3.759766e-03	5
591	-1.985840e+00	9.959717e-01	3.894043e-03	5
592	-1.977539e+00	9.941406e-01	4.406738e-03	5
593	-1.983887e+00	9.956055e-01	5.029297e-03	5
594	-1.984863e+00	9.960938e-01	4.077148e-03	5
595	-1.985352e+00	9.962158e-01	4.162598e-03	5
596	-1.990723e+00	9.975586e-01	3.527832e-03	5
597	-1.986572e+00	9.964600e-01	3.430176e-03	5
598	-1.986816e+00	9.965820e-01	3.649902e-03	5
599	-1.979736e+00	9.945068e-01	4.016113e-03	5
600	-1.983643e+00	9.956055e-01	4.235840e-03	5
601	-1.979248e+00	9.945068e-01	4.382324e-03	5
602	-1.990967e+00	9.976807e-01	3.759766e-03	5
603	-1.985596e+00	9.962158e-01	4.077148e-03	5
604	-1.980957e+00	9.951172e-01	4.040527e-03	5
605	-1.986328e+00	9.963379e-01	4.321289e-03	5
606	-1.982178e+00	9.953613e-01	4.028320e-03	5
607	-1.981689e+00	9.953613e-01	3.710937e-03	5
608	-1.979248e+00	9.942627e-01	4.431152e-03	5
609	-1.985840e+00	9.963379e-01	4.187012e-03	5
610	-1.985596e+00	9.962158e-01	3.503418e-03	5
611	-1.987061e+00	9.967041e-01	3.735352e-03	5
612	-1.982666e+00	9.953613e-01	4.333496e-03	5
613	-1.982178e+00	9.954834e-01	3.894043e-03	5
614	-1.988037e+00	9.968262e-01	3.747559e-03	5
615	-1.980957e+00	9.949951e-01	4.016113e-03	5
616	-1.987061e+00	9.967041e-01	4.003906e-03	5
617	-1.987549e+00	9.967041e-01	3.735352e-03	5
618	-1.988525e+00	9.970703e-01	3.747559e-03	5
619	-1.986816e+00	9.964600e-01	3.381348e-03	5
620	-1.990723e+00	9.975586e-01	3.503418e-03	5
621	-1.982422e+00	9.954834e-01	3.601074e-03	5
622	-1.988037e+00	9.969482e-01	3.662109e-03	5
623	-1.985107e+00	9.960938e-01	3.771973e-03	5
624	-1.983887e+00	9.956055e-01	4.321289e-03	5
625	-1.980957e+00	9.949951e-01	4.187012e-03	5
626	-1.986328e+00	9.965820e-01	3.649902e-03	5
627	-1.983643e+00	9.957275e-01	4.113770e-03	5
628	-1.989502e+00	9.971924e-01	3.784180e-03	5
629	-1.985596e+00	9.962158e-01	3.247070e-03	5
630	-1.981689e+00	9.952393e-01	3.710937e-03	5
631	-1.989258e+00	9.971924e-01	3.637695e-03	5
632	-1.984131e+00	9.957275e-01	3.735352e-03	5
633	-1.983643e+00	9.957275e-01	3.808594e-03	5
634	-1.986084e+00	9.964600e-01	3.662109e-03	5
635	-1.989746e+00	9.974365e-01	4.052734e-03	5
636	-1.986328e+00	9.964600e-01	3.515625e-03	5
637	-1.987793e+00	9.965820e-01	4.113770e-03	5
638	-1.986816e+00	9.963379e-01	3.955078e-03	5
639	-1.984863e+00	9.960938e-01	3.735352e-03	5
640	-1.983398e+00	9.956055e-01	4.296875e-03	5
641	-1.985596e+00	9.962158e-01	3.991699e-03	5
642	-1.984863e+00	9.959717e-01	4.223633e-03	5
643	-1.986328e+00	9.964600e-01	4.003906e-03	5
644	-1.989502e+00	9.971924e-01	3.735352e-03	5
645	-1.987793e+00	9.965820e-01	3.405762e-03	5
646	-1.985107e+00	9.960938e-01	4.101563e-03	5
647	-1.988281e+00	9.969482e-01	3.674316e-03	5
648	-1.987061e+00	9.967041e-01	3.051758e-03	5
649	-1.982422e+00	9.954834e-01	3.906250e-03	5
650	-1.986572e+00	9.965820e-01	4.577637e-03	5
651	-1.989746e+00	9.974365e-01	3.723145e-03	5
652	-1.984131e+00	9.957275e-01	4.125977e-03	5
653	-1.983154e+00	9.954834e-01	3.881836e-03	5
654	-1.985352e+00	9.962158e-01	4.541016e-03	5
655	-1.983154e+00	9.956055e-01	4.309082e-03	5
656	-1.985107e+00	9.960938e-01	3.906250e-03	5
657	-1.985596e+00	9.959717e-01	4.138184e-03	5
658	-1.982422e+00	9.954834e-01	4.345703e-03	5
659	-1.986816e+00	9.965820e-01	4.089355e-03	5
660	-1.986328e+00	9.963379e-01	3.222656e-03	5
661	-1.978516e+00	9.945068e-01	4.089355e-03	5
662	-1.980225e+00	9.947510e-01	4.516602e-03	5
663	-1.986816e+00	9.965820e-01	4.211426e-03	5
664	-1.984375e+00	9.959717e-01	3.942871e-03	5
665	-1.984131e+00	9.957275e-01	3.955078e-03	5
666	-1.985352e+00	9.960938e-01	4.504395e-03	5
667	-1.986084e+00	9.963379e-01	4.028320e-03	5
668	-1.984619e+00	9.957275e-01	3.942871e-03	5
669	-1.986572e+00	9.965820e-01	4.211426e-03	5
670	-1.985107e+00	9.960938e-01	3.564453e-03	5
671	-1.983154e+00	9.957275e-01	4.040527e-03	5
672	-1.982422e+00	9.953613e-01	3.869629e-03	5
673	-1.980957e+00	9.949951e-01	3.894043e-03	5
674	-1.984863e+00	9.960938e-01	4.162598e-03	5
675	-1.985107e+00	9.962158e-01	4.113770e-03	5
676	-1.985840e+00	9.963379e-01	3.991699e-03	5
677	-1.983887e+00	9.958496e-01	4.248047e-03	5
678	-1.988770e+00	9.971924e-01	3.845215e-03	5
679	-1.985352e+00	9.962158e-01	3.344727e-03	5
680	-1.988281e+00	9.969482e-01	4.321289e-03	5
681	-1.986572e+00	9.964600e-01	3.442383e-03	5
682	-1.982666e+00	9.952393e-01	4.394531e-03	5
683	-1.985840e+00	9.964600e-01	3.710937e-03	5
684	-1.984375e+00	9.959717e-01	3.417969e-03	5
685	-1.984375e+00	9.960938e-01	4.113770e-03	5
686	-1.987305e+00	9.965820e-01	3.564453e-03	5
687	-1.985840e+00	9.962158e-01	3.869629e-03	5
688	-1.984863e+00	9.960938e-01	3.967285e-03	5
689	-1.987305e+00	9.968262e-01	4.028320e-03	5
690	-1.981201e+00	9.949951e-01	4.211426e-03	5
691	-1.982178e+00	9.952393e-01	4.174805e-03	5
692	-1.985352e+00	9.960938e-01	4.187012e-03	5
693	-1.985596e+00	9.963379e-01	3.564453e-03	5
694	-1.985352e+00	9.963379e-01	3.588867e-03	5
695	-1.985840e+00	9.963379e-01	3.540039e-03	5
696	-1.987549e+00	9.968262e-01	3.540039e-03	5
697	-1.985352e+00	9.962158e-01	3.601074e-03	5
698	-1.982910e+00	9.953613e-01	4.138184e-03	5
699	-1.985107e+00	9.958496e-01	3.955078e-03	5
700	-1.989014e+00	9.971924e-01	3.918457e-03	5
701	-1.984863e+00	9.959717e-01	3.979492e-03	5
702	-1.983398e+00	9.956055e-01	4.309082e-03	5
703	-1.974854e+00	9.929199e-01	4.980469e-03	5
704	-1.986328e+00	9.962158e-01	4.284668e-03	5
705	-1.981201e+00	9.948730e-01	4.187012e-03	5
706	-1.982422e+00	9.953613e-01	3.808594e-03	5
707	-1.982666e+00	9.954834e-01	4.162598e-03	5
708	-1.985107e+00	9.960938e-01	3.869629e-03	5
709	-1.978027e+00	9.942627e-01	4.406738e-03	5
710	-1.985352e+00	9.962158e-01	4.077148e-03	5
711	-1.985352e+00	9.962158e-01	4.003906e-03	5
712	-1.985352e+00	9.962158e-01	3.686523e-03	5
713	-1.983643e+00	9.957275e-01	4.125977e-03	5
714	-1.984863e+00	9.959717e-01	4.174805e-03	5
715	-1.979980e+00	9.946289e-01	3.967285e-03	5
716	-1.981201e+00	9.948730e-01	4.833984e-03	5
717	-1.985352e+00	9.960938e-01	4.296875e-03	5
718	-1.980957e+00	9.951172e-01	4.321289e-03	5
719	-1.989014e+00	9.971924e-01	4.162598e-03	5
720	-1.990234e+00	9.974365e-01	3.588867e-03	5
721	-1.988037e+00	9.969482e-01	3.662109e-03	5
722	-1.988281e+00	9.969482e-01	3.930664e-03	5
723	-1.986328e+00	9.964600e-01	3.417969e-03	5
724	-1.983887e+00	9.953613e-01	4.016113e-03	5
725	-1.986328e+00	9.965820e-01	4.174805e-03	5
726	-1.988281e+00	9.970703e-01	3.588867e-03	5
727	-1.983887e+00	9.958496e-01	3.784180e-03	5
728	-1.988770e+00	9.970703e-01	3.930664e-03	5
729	-1.987305e+00	9.965820e-01	3.393555e-03	5
730	-1.986328e+00	9.964600e-01	3.527832e-03	5
731	-1.984619e+00	9.959717e-01	3.710937e-03	5
732	-1.980957e+00	9.947510e-01	3.442383e-03	5
733	-1.988281e+00	9.969482e-01	4.028320e-03	5
734	-1.984619e+00	9.960938e-01	3.234863e-03	5
735	-1.982666e+00	9.954834e-01	4.113770e-03	5
736	-1.982910e+00	9.953613e-01	4.406738e-03	5
737	-1.984619e+00	9.959717e-01	3.405762e-03	5
738	-1.987305e+00	9.967041e-01	3.466797e-03	5
739	-1.985596e+00	9.962158e-01	3.955078e-03	5
740	-1.985840e+00	9.963379e-01	3.527832e-03	5
741	-1.986572e+00	9.965820e-01	3.784180e-03	5
742	-1.989502e+00	9.973145e-01	3.540039e-03	5
743	-1.987061e+00	9.967041e-01	3.210449e-03	5
744	-1.988281e+00	9.970703e-01	3.625488e-03	5
745	-1.982422e+00	9.953613e-01	4.101563e-03	5
746	-1.986084e+00	9.963379e-01	4.467773e-03	5
747	-1.978027e+00	9.942627e-01	4.016113e-03	5
748	-1.984863e+00	9.959717e-01	4.321289e-03	5
749	-1.988037e+00	9.967041e-01	3.759766e-03	5
750	-1.982422e+00	9.954834e-01	3.979492e-03	5
751	-1.982178e+00	9.953613e-01	4.187012e-03	5
752	-1.983643e+00	9.957275e-01	3.991699e-03	5
753	-1.985107e+00	9.958496e-01	4.504395e-03	5
754	-1.987549e+00	9.964600e-01	4.162598e-03	5
755	-1.984375e+00	9.959717e-01	4.028320e-03	5
756	-1.984131e+00	9.954834e-01	4.272461e-03	5
757	-1.986084e+00	9.964600e-01	4.492187e-03	5
758	-1.986572e+00	9.964600e-01	4.077148e-03	5
759	-1.986816e+00	9.967041e-01	3.466797e-03	5
760	-1.985352e+00	9.962158e-01	3.540039e-03	5
761	-1.981445e+00	9.951172e-01	3.894043e-03	5
762	-1.983643e+00	9.954834e-01	4.382324e-03	5
763	-1.987549e+00	9.967041e-01	3.784180e-03	5
764	-1.986328e+00	9.964600e-01	3.442383e-03	5
765	-1.981445e+00	9.948730e-01	4.357910e-03	5
766	-1.984863e+00	9.956055e-01	4.101563e-03	5
767	-1.980957e+00	9.947510e-01	4.406738e-03	5
768	-1.981689e+00	9.947510e-01	4.565430e-03	5
769	-1.986816e+00	9.965820e-01	4.309082e-03	5
770	-1.987793e+00	9.968262e-01	4.101563e-03	5
771	-1.987305e+00	9.967041e-01	3.649902e-03	5
772	-1.987305e+00	9.967041e-01	3.613281e-03	5
773	-1.987061e+00	9.967041e-01	3.833008e-03	5
774	-1.985352e+00	9.963379e-01	3.918457e-03	5
775	-1.982910e+00	9.956055e-01	4.174805e-03	5
776	-1.987549e+00	9.968262e-01	4.052734e-03	5
777	-1.986816e+00	9.965820e-01	3.906250e-03	5
778	-1.981445e+00	9.947510e-01	3.649902e-03	5
779	-1.980957e+00	9.948730e-01	4.577637e-03	5
780	-1.984375e+00	9.957275e-01	4.455566e-03	5
781	-1.981689e+00	9.951172e-01	4.602051e-03	5
782	-1.984619e+00	9.960938e-01	3.759766e-03	5
783	-1.985352e+00	9.962158e-01	4.040527e-03	5
784	-1.989258e+00	9.973145e-01	3.479004e-03	5
785	-1.975830e+00	9.936523e-01	4.003906e-03	5
786	-1.983398e+00	9.956055e-01	4.736328e-03	5
787	-1.982910e+00	9.953613e-01	4.467773e-03	5
788	-1.983398e+00	9.957275e-01	4.162598e-03	5
789	-1.984863e+00	9.960938e-01	3.405762e-03	5
790	-1.983643e+00	9.954834e-01	4.309082e-03	5
791	-1.983887e+00	9.957275e-01	4.345703e-03	5
792	-1.983887e+00	9.958496e-01	3.479004e-03	5
793	-1.989502e+00	9.971924e-01	3.649902e-03	5
794	-1.981689e+00	9.953613e-01	4.064941e-03	5
795	-1.984131e+00	9.958496e-01	4.003906e-03	5
796	-1.987549e+00	9.965820e-01	4.125977e-03	5
797	-1.980469e+00	9.948730e-01	3.857422e-03	5
798	-1.982178e+00	9.953613e-01	3.759766e-03	5
799	-1.984863e+00	9.959717e-01	4.089355e-03	5
800	-1.985107e+00	9.962158e-01	3.710937e-03	5
801	-1.985596e+00	9.962158e-01	4.077148e-03	5
802	-1.984863e+00	9.960938e-01	3.698730e-03	5
803	-1.985107e+00	9.960938e-01	3.588867e-03	5
804	-1.981201e+00	9.951172e-01	4.272461e-03	5
805	-1.985840e+00	9.963379e-01	3.686523e-03	5
806	-1.987793e+00	9.969482e-01	4.113770e-03	5
807	-1.988037e+00	9.969482e-01	3.613281e-03	5
808	-1.985840e+00	9.964600e-01	4.150391e-03	5
809	-1.986816e+00	9.964600e-01	4.248047e-03	5
810	-1.987793e+00	9.968262e-01	4.138184e-03	5
811	-1.981445e+00	9.951172e-01	4.345703e-03	5
812	-1.989258e+00	9.973145e-01	4.199219e-03	5
813	-1.989258e+00	9.971924e-01	3.430176e-03	5
814	-1.983887e+00	9.956055e-01	3.991699e-03	5
815	-1.981689e+00	9.952393e-01	4.040527e-03	5
816	-1.986084e+00	9.962158e-01	3.857422e-03	5
817	-1.985352e+00	9.959717e-01	3.784180e-03	5
818	-1.987549e+00	9.967041e-01	4.052734e-03	5
819	-1.989258e+00	9.973145e-01	3.259277e-03	5
820	-1.988037e+00	9.967041e-01	3.356934e-03	5
821	-1.985107e+00	9.962158e-01	4.272461e-03	5
822	-1.982422e+00	9.952393e-01	4.418945e-03	5
823	-1.987549e+00	9.968262e-01	3.649902e-03	5
824	-1.983154e+00	9.952393e-01	3.771973e-03	5
825	-1.981934e+00	9.952393e-01	4.345703e-03	5
826	-1.984131e+00	9.958496e-01	4.040527e-03	5
827	-1.987305e+00	9.967041e-01	3.845215e-03	5
828	-1.982422e+00	9.952393e-01	3.710937e-03	5
829	-1.986816e+00	9.963379e-01	3.991699e-03	5
830	-1.986084e+00	9.963379e-01	4.345703e-03	5
831	-1.987793e+00	9.969482e-01	3.674316e-03	5
832	-1.983398e+00	9.956055e-01	3.796387e-03	5
833	-1.986572e+00	9.963379e-01	4.077148e-03	5
834	-1.984131e+00	9.959717e-01	3.674316e-03	5
835	-1.988281e+00	9.968262e-01	3.771973e-03	5
836	-1.986084e+00	9.963379e-01	4.248047e-03	5
837	-1.985840e+00	9.963379e-01	3.588867e-03	5
838	-1.985107e+00	9.959717e-01	3.649902e-03	5
839	-1.986328e+00	9.965820e-01	3.869629e-03	5
840	-1.985596e+00	9.963379e-01	3.271484e-03	5
841	-1.979736e+00	9.948730e-01	4.052734e-03	5
842	-1.985352e+00	9.958496e-01	4.833984e-03	5
843	-1.986328e+00	9.963379e-01	4.125977e-03	5
844	-1.982178e+00	9.952393e-01	4.772949e-03	5
845	-1.985596e+00	9.963379e-01	4.626465e-03	5
846	-1.989014e+00	9.971924e-01	3.894043e-03	5
847	-1.986328e+00	9.965820e-01	3.259277e-03	5
848	-1.988770e+00	9.969482e-01	3.308105e-03	5
849	-1.986328e+00	9.960938e-01	3.698730e-03	5
850	-1.983643e+00	9.956055e-01	4.370117e-03	5
851	-1.984375e+00	9.958496e-01	4.394531e-03	5
852	-1.986572e+00	9.965820e-01	3.784180e-03	5
853	-1.979980e+00	9.948730e-01	4.003906e-03	5
854	-1.983887e+00	9.958496e-01	4.248047e-03	5
855	-1.987793e+00	9.968262e-01	3.222656e-03	5
856	-1.984131e+00	9.958496e-01	3.515625e-03	5
857	-1.986084e+00	9.964600e-01	4.479980e-03	5
858	-1.980713e+00	9.947510e-01	3.710937e-03	5
859	-1.985352e+00	9.963379e-01	3.894043e-03	5
860	-1.981201e+00	9.952393e-01	4.113770e-03	5
861	-1.983643e+00	9.958496e-01	4.357910e-03	5
862	-1.985840e+00	9.963379e-01	3.881836e-03	5
863	-1.982666e+00	9.953613e-01	4.003906e-03	5
864	-1.983154e+00	9.956055e-01	4.248047e-03	5
865	-1.985596e+00	9.962158e-01	4.309082e-03	5
866	-1.983154e+00	9.956055e-01	3.723145e-03	5
867	-1.989502e+00	9.973145e-01	3.808594e-03	5
868	-1.991211e+00	9.976807e-01	3.503418e-03	5
869	-1.983643e+00	9.958496e-01	3.649902e-03	5
870	-1.985352e+00	9.962158e-01	4.235840e-03	5
871	-1.981689e+00	9.952393e-01	4.077148e-03	5
872	-1.984375e+00	9.959717e-01	3.735352e-03	5
873	-1.985352e+00	9.962158e-01	4.223633e-03	5
874	-1.987793e+00	9.967041e-01	3.393555e-03	5
875	-1.985107e+00	9.960938e-01	3.967285e-03	5
876	-1.984863e+00	9.960938e-01	3.369141e-03	5
877	-1.985840e+00	9.963379e-01	4.101563e-03	5
878	-1.987061e+00	9.964600e-01	3.674316e-03	5
879	-1.989990e+00	9.973145e-01	3.552246e-03	5
880	-1.985596e+00	9.962158e-01	3.601074e-03	5
881	-1.984131e+00	9.958496e-01	3.747559e-03	5
882	-1.983398e+00	9.957275e-01	3.942871e-03	5
883	-1.985352e+00	9.959717e-01	4.125977e-03	5
884	-1.985352e+00	9.962158e-01	4.418945e-03	5
885	-1.988281e+00	9.968262e-01	3.869629e-03	5
886	-1.984131e+00	9.954834e-01	4.138184e-03	5
887	-1.985840e+00	9.964600e-01	4.443359e-03	5
888	-1.983398e+00	9.954834e-01	3.735352e-03	5
889	-1.986572e+00	9.964600e-01	4.077148e-03	5
890	-1.988525e+00	9.970703e-01	3.210449e-03	5
891	-1.990479e+00	9.975586e-01	3.344727e-03	5
892	-1.983643e+00	9.958496e-01	3.637695e-03	5
893	-1.978271e+00	9.943848e-01	3.540039e-03	5
894	-1.985352e+00	9.962158e-01	4.284668e-03	5
895	-1.982178e+00	9.953613e-01	4.113770e-03	5
896	-1.985840e+00	9.963379e-01	4.150391e-03	5
897	-1.981201e+00	9.951172e-01	4.077148e-03	5
898	-1.986572e+00	9.965820e-01	4.345703e-03	5
899	-1.986084e+00	9.963379e-01	3.784180e-03	5
900	-1.984375e+00	9.958496e-01	4.101563e-03	5
901	-1.982178e+00	9.951172e-01	4.785156e-03	5
902	-1.980957e+00	9.947510e-01	3.918457e-03	5
903	-1.984131e+00	9.957275e-01	4.272461e-03	5
904	-1.989258e+00	9.973145e-01	3.479004e-03	5
905	-1.987061e+00	9.965820e-01	3.759766e-03	5
906	-1.985596e+00	9.962158e-01	3.601074e-03	5
907	-1.985107e+00	9.960938e-01	3.967285e-03	5
908	-1.979736e+00	9.946289e-01	4.541016e-03	5
909	-1.984375e+00	9.957275e-01	4.284668e-03	5
910	-1.981201e+00	9.949951e-01	4.223633e-03	5
911	-1.989014e+00	9.970703e-01	3.796387e-03	5
912	-1.979004e+00	9.942627e-01	4.138184e-03	5
913	-1.987793e+00	9.969482e-01	3.906250e-03	5
914	-1.985352e+00	9.962158e-01	3.759766e-03	5
915	-1.981934e+00	9.953613e-01	4.064941e-03	5
916	-1.991211e+00	9.976807e-01	3.723145e-03	5
917	-1.986328e+00	9.964600e-01	3.515625e-03	5
918	-1.982910e+00	9.953613e-01	4.309082e-03	5
919	-1.987061e+00	9.965820e-01	3.808594e-03	5
920	-1.984619e+00	9.960938e-01	3.417969e-03	5
921	-1.984131e+00	9.958496e-01	3.735352e-03	5
922	-1.990967e+00	9.976807e-01	3.479004e-03	5
923	-1.983887e+00	9.958496e-01	3.283691e-03	5
924	-1.980713e+00	9.948730e-01	4.296875e-03	5
925	-1.985596e+00	9.960938e-01	4.443359e-03	5
926	-1.986572e+00	9.965820e-01	3.759766e-03	5
927	-1.984375e+00	9.958496e-01	3.735352e-03	5
928	-1.987305e+00	9.967041e-01	3.991699e-03	5
929	-1.980469e+00	9.949951e-01	4.541016e-03	5
930	-1.986328e+00	9.963379e-01	4.309082e-03	5
931	-1.980957e+00	9.943848e-01	4.394531e-03	5
932	-1.981445e+00	9.951172e-01	4.907227e-03	5
933	-1.986328e+00	9.964600e-01	4.162598e-03	5
934	-1.984131e+00	9.958496e-01	3.430176e-03	5
935	-1.984619e+00	9.960938e-01	4.199219e-03	5
936	-1.986084e+00	9.964600e-01	3.552246e-03	5
937	-1.989746e+00	9.973145e-01	3.991699e-03	5
938	-1.983643e+00	9.957275e-01	3.601074e-03	5
939	-1.980225e+00	9.947510e-01	4.125977e-03	5
940	-1.982422e+00	9.954834e-01	4.638672e-03	5
941	-1.984375e+00	9.957275e-01	4.370117e-03	5
942	-1.985840e+00	9.964600e-01	3.686523e-03	5
943	-1.980713e+00	9.946289e-01	4.162598e-03	5
944	-1.984619e+00	9.958496e-01	4.272461e-03	5
945	-1.981445e+00	9.951172e-01	4.174805e-03	5
946	-1.978760e+00	9.945068e-01	3.869629e-03	5
947	-1.981689e+00	9.952393e-01	4.296875e-03	5
948	-1.979492e+00	9.945068e-01	4.907227e-03	5
949	-1.980225e+00	9.947510e-01	4.541016e-03	5
950	-1.985352e+00	9.960938e-01	4.406738e-03	5
951	-1.982178e+00	9.952393e-01	4.602051e-03	5
952	-1.981201e+00	9.949951e-01	4.199219e-03	5
953	-1.979492e+00	9.942627e-01	4.272461e-03	5
954	-1.986816e+00	9.965820e-01	4.235840e-03	5
955	-1.983643e+00	9.956055e-01	4.150391e-03	5
956	-1.985352e+00	9.960938e-01	3.906250e-03	5
957	-1.984863e+00	9.959717e-01	4.016113e-03	5
958	-1.988037e+00	9.969482e-01	3.637695e-03	5
959	-1.984131e+00	9.957275e-01	3.686523e-03	5
960	-1.987549e+00	9.968262e-01	3.845215e-03	5
961	-1.981689e+00	9.947510e-01	4.504395e-03	5
962	-1.983398e+00	9.957275e-01	4.321289e-03	5
963	-1.979980e+00	9.947510e-01	3.906250e-03	5
964	-1.989990e+00	9.973145e-01	4.357910e-03	5
965	-1.983887e+00	9.957275e-01	3.771973e-03	5
966	-1.983643e+00	9.957275e-01	4.125977e-03	5
967	-1.984619e+00	9.959717e-01	4.565430e-03	5
968	-1.985352e+00	9.958496e-01	3.674316e-03	5
969	-1.986816e+00	9.965820e-01	3.881836e-03	5
970	-1.983887e+00	9.954834e-01	4.260254e-03	5
971	-1.983398e+00	9.957275e-01	4.809570e-03	5
972	-1.980469e+00	9.947510e-01	4.418945e-03	5
973	-1.987305e+00	9.968262e-01	4.553223e-03	5
974	-1.985352e+00	9.959717e-01	3.845215e-03	5
975	-1.981445e+00	9.952393e-01	3.808594e-03	5
976	-1.982666e+00	9.952393e-01	4.760742e-03	5
977	-1.985840e+00	9.963379e-01	3.796387e-03	5
978	-1.989258e+00	9.973145e-01	3.881836e-03	5
979	-1.980957e+00	9.949951e-01	4.138184e-03	5
980	-1.979248e+00	9.945068e-01	4.223633e-03	5
981	-1.985107e+00	9.962158e-01	4.077148e-03	5
982	-1.986816e+00	9.964600e-01	3.515625e-03	5
983	-1.990967e+00	9.976807e-01	3.515625e-03	5
984	-1.988770e+00	9.970703e-01	3.649902e-03	5
985	-1.986328e+00	9.964600e-01	4.187012e-03	5
986	-1.986084e+00	9.964600e-01	3.466797e-03	5
987	-1.980957e+00	9.951172e-01	4.382324e-03	5
988	-1.985596e+00	9.963379e-01	4.028320e-03	5
989	-1.985107e+00	9.959717e-01	3.308105e-03	5
990	-1.982422e+00	9.956055e-01	3.869629e-03	5
991	-1.985840e+00	9.960938e-01	4.003906e-03	5
992	-1.986084e+00	9.963379e-01	3.833008e-03	5
993	-1.982910e+00	9.956055e-01	3.930664e-03	5
994	-1.978760e+00	9.942627e-01	4.064941e-03	5
995	-1.988281e+00	9.968262e-01	4.431152e-03	5
996	-1.980713e+00	9.948730e-01	3.930664e-03	5
997	-1.988525e+00	9.970703e-01	3.857422e-03	5
998	-1.989258e+00	9.971924e-01	3.723145e-03	5
999	-1.988770e+00	9.969482e-01	4.028320e-03	5

